39.74
42.42
38.21
40.57
41.28
38.54
41.18
41.73
40.05
40.31
40.05
40.26
41.18
41.58
38.64
37.85
38.97
37.44
41.46
41.48
38.93
42.17
40.87
40.11
40.36
39.22
40.42
40.26
40.00
42.71
41.58
40.05
41.13
40.51
36.50
38.11
36.75
37.47
38.96
39.19
40.36
39.80
39.23
38.32
39.64
38.82
39.31
39.53
38.80
37.24
37.66
40.50
38.58
38.34
39.18
39.28
40.47
40.92
39.59
37.53
37.73
37.63
36.10
37.18
37.27
37.18
35.58
35.66
38.23
37.22
37.24
38.27
39.29
39.95
39.29
39.80
40.10
42.36
42.61
40.84
41.83
42.31
44.71
43.41
45.18
45.52
46.50
46.36
48.25
46.84
47.25
47.83
47.11
41.55
37.19
37.56
35.36
37.47
35.60
39.59
