36.73
40.82
38.58
36.46
41.56
41.13
40.31
37.50
39.63
39.74
40.77
40.31
41.33
40.10
37.83
38.92
35.31
37.70
39.43
40.42
40.58
39.47
46.15
39.16
39.31
38.89
39.21
39.79
37.53
41.19
39.22
37.80
40.58
37.89
39.16
35.19
38.38
34.95
38.48
39.16
40.36
37.83
40.57
40.67
41.54
40.00
41.84
40.26
40.78
37.69
38.46
42.11
38.97
41.75
43.94
44.44
43.24
43.52
43.21
43.41
43.30
42.04
45.27
46.26
47.78
49.00
48.01
48.90
49.00
46.62
41.71
37.63
36.75
37.60
37.34
38.24
37.20
39.27
39.84
39.28
38.16
39.15
36.80
35.47
36.00
34.30
36.36
39.85
40.78
38.36
39.63
37.70
39.58
36.91
37.89
36.12
37.67
39.26
38.92
35.22
