38.36
39.31
37.98
37.96
36.53
37.50
40.67
42.67
39.42
39.74
40.10
38.79
38.07
40.16
38.42
39.85
40.82
39.48
39.85
38.58
36.58
38.92
40.98
40.10
38.20
40.51
40.31
40.05
37.80
38.93
36.94
39.84
40.21
40.05
39.43
40.31
39.90
38.44
38.32
38.13
38.44
39.36
36.70
37.20
37.89
38.96
38.90
37.50
39.21
37.13
41.39
38.30
38.26
40.10
39.95
39.63
39.43
40.16
39.90
38.74
38.66
38.64
36.94
38.46
39.74
37.77
37.86
42.60
42.75
40.31
39.69
37.20
39.28
37.76
34.39
39.06
38.95
39.90
38.26
37.70
38.68
40.00
39.48
39.48
39.90
36.48
39.90
38.95
41.62
39.12
39.12
36.87
40.26
38.08
39.84
37.60
36.91
38.36
40.10
37.83
