36.72
38.06
37.14
37.04
35.36
35.92
34.86
38.42
38.03
38.46
37.67
39.79
35.81
37.80
35.47
35.45
38.10
39.01
38.05
38.54
35.98
34.93
34.93
38.90
36.51
39.31
35.98
41.30
37.63
39.48
38.03
37.73
37.17
38.10
38.96
38.32
38.66
38.40
38.12
37.40
39.14
41.16
37.40
38.74
38.73
41.33
38.73
39.32
39.05
39.26
37.83
38.96
37.70
39.90
39.69
40.36
39.16
37.89
38.26
38.22
38.20
39.11
41.78
37.70
38.74
40.10
37.73
41.60
40.99
40.05
37.90
40.52
39.95
41.78
40.73
40.93
37.70
39.58
40.62
38.79
38.95
39.32
39.11
36.60
36.91
37.17
37.66
38.03
38.12
39.12
38.48
38.86
40.36
38.82
37.21
38.18
38.52
37.40
38.68
36.34
