44.74
44.77
45.03
44.59
46.46
44.65
44.56
46.19
46.07
43.99
46.67
45.09
45.45
46.09
44.56
45.26
44.97
45.26
46.07
44.18
45.99
46.92
44.83
44.72
44.29
45.79
45.53
47.15
46.23
44.44
43.58
45.81
45.81
44.83
45.71
45.36
46.30
44.53
44.29
46.28
44.53
44.50
44.09
45.31
45.62
46.05
45.50
46.23
44.74
45.83
44.69
46.61
45.14
44.27
45.09
45.33
46.35
46.39
45.03
44.24
45.24
44.97
46.70
46.13
46.07
46.17
44.92
47.03
46.44
46.11
52.49
44.65
45.14
45.93
45.07
46.07
45.48
45.45
46.09
45.72
45.21
45.24
45.24
45.71
45.00
45.48
45.07
45.21
46.19
45.34
44.50
46.07
45.95
44.44
44.85
44.41
46.65
44.80
45.93
44.39
