23.88
23.00
25.77
23.53
21.80
20.30
26.41
26.54
23.06
24.09
25.44
23.60
21.71
21.44
23.61
24.37
21.97
25.13
24.63
22.67
23.18
23.62
22.56
21.73
22.40
22.64
23.77
23.69
20.81
22.27
21.93
21.97
21.42
20.60
21.12
19.76
22.81
22.91
25.23
24.84
21.13
22.97
20.49
24.60
21.79
22.90
23.65
19.65
21.21
20.00
21.47
19.92
21.38
20.76
16.94
20.70
21.27
20.63
19.31
20.97
22.00
21.19
19.47
19.87
19.19
20.60
20.93
20.82
21.97
20.74
19.62
20.81
22.46
20.62
18.78
17.24
19.71
20.86
20.83
20.59
20.92
20.05
21.29
19.52
21.51
22.13
24.19
21.25
21.88
22.48
21.78
21.03
21.00
22.30
17.65
18.35
20.95
19.97
21.34
18.88
