26.78
20.84
26.05
25.23
26.37
25.83
27.47
24.06
22.81
25.59
26.48
22.60
25.23
24.17
22.65
24.27
23.49
23.56
25.16
26.15
23.85
23.08
26.67
24.06
24.27
26.54
27.84
27.27
26.50
27.06
25.07
23.70
23.29
23.93
20.57
22.07
24.02
25.63
25.36
27.71
24.03
20.87
24.63
23.24
24.37
23.97
21.32
26.50
25.46
23.49
23.51
25.96
24.07
23.45
25.46
25.43
25.74
21.80
21.00
23.63
22.31
24.97
24.58
25.65
23.22
25.10
24.57
22.46
20.75
21.00
20.18
18.84
26.11
20.53
19.84
20.73
24.22
26.18
25.17
27.76
23.79
22.24
21.99
22.80
22.28
21.56
24.87
22.38
22.24
23.36
24.93
22.79
21.89
24.80
23.37
24.61
24.54
23.91
21.24
20.90
