32.91 20.88 26.80 25.77 0 0 96.04 0
34.18 22.34 22.58 18.48 1.01 0 0 97.00
34.18 17.98 22.58 20.65 97.00 0 0 0
36.36 26.32 22.34 23.66 0 0 .99 95.96
35.00 21.74 27.55 23.16 0 96.97 0 0
35.44 24.74 22.83 23.96 0 0 96.97 .99
32.05 22.92 21.28 23.66 0 0 97.00 0
36.25 28.87 22.58 21.51 1.00 0 96.97 0
37.50 19.10 23.71 14.94 0 1.00 0 96.97
38.46 22.47 23.66 25.81 0 0 0 97.00
36.36 20.88 22.34 24.18 0 0 0 95.92
33.33 15.91 22.58 21.28 1.01 0 97.00 0
35.53 16.28 16.09 15.73 0 0 96.94 1.00
33.77 21.11 20.65 20.22 1.00 0 97.00 0
34.21 23.40 19.10 21.74 0 0 96.97 0
33.33 19.78 21.98 25.00 0 0 0 96.97
37.18 21.98 21.98 21.11 97.00 .99 0 0
30.67 19.57 18.89 20.88 0 96.97 0 0
45.00 36.17 31.87 28.09 95.96 5.26 3.12 7.61
33.77 21.11 22.58 23.33 97.06 0 1.00 1.00
31.58 20.43 18.68 21.05 0 0 0 96.97
33.77 23.91 21.11 19.78 0 0 0 96.04
35.00 26.60 25.00 20.65 0 0 0 97.00
37.04 19.10 22.34 20.65 96.97 0 0 0
33.33 20.21 26.04 23.16 97.03 0 0 0
35.53 24.21 24.74 21.98 97.00 .99 0 0
38.46 24.44 22.83 23.16 1.00 97.00 0 0
41.98 26.88 30.53 21.98 97.03 0 0 0
35.80 24.21 16.30 17.98 .99 97.00 0 0
40.24 19.10 22.58 18.48 0 96.04 0 0
33.77 21.98 21.35 18.68 0 97.00 .99 0
31.51 23.40 17.98 21.11 0 97.03 0 0
35.90 21.35 25.27 18.68 0 97.00 0 0
36.25 20.45 18.68 25.26 0 0 96.94 0
33.77 22.58 20.88 20.00 0 0 0 96.97
29.33 15.29 20.88 18.48 97.00 .99 0 0
30.67 26.37 21.51 23.91 97.00 0 0 0
36.71 25.77 22.11 25.26 97.00 0 0 0
34.18 28.12 24.21 20.21 18.00 82.83 2.97 0
36.14 24.21 15.38 25.77 0 11.00 0 85.71
35.44 23.40 18.48 17.98 0 0 0 96.04
35.06 23.91 21.51 26.04 0 96.97 0 0
36.59 23.08 25.77 23.40 0 0 97.00 0
34.18 22.34 22.92 21.28 0 0 0 96.94
37.18 20.88 25.00 24.47 0 0 0 96.94
34.18 25.26 20.43 22.34 0 .99 0 97.00
36.25 22.34 19.57 19.57 0 0 0 97.00
35.00 20.00 18.48 21.28 0 0 0 96.00
48.19 29.35 31.18 31.58 6.45 96.97 6.32 3.09
32.00 22.58 26.32 16.09 0 0 97.00 0
28.57 19.57 22.83 21.28 97.06 0 0 0
34.21 23.08 17.78 21.11 97.06 0 0 0
35.00 21.74 24.21 23.40 0 96.97 0 0
36.00 21.11 26.32 24.47 1.00 96.97 0 .99
30.67 18.39 20.88 15.56 0 0 96.04 0
28.77 24.21 20.65 23.16 1.01 0 96.97 0
28.38 21.98 23.40 16.67 0 0 96.97 .99
34.18 25.77 20.00 19.57 1.01 0 0 96.97
31.65 20.88 20.65 23.40 0 0 0 96.97
33.75 23.40 19.35 23.96 0 0 96.97 0
33.33 21.74 24.47 19.57 0 0 97.00 0
39.29 29.17 25.00 25.53 0 .99 96.97 .99
34.18 24.47 25.53 27.17 0 0 97.00 0
35.53 29.35 27.96 27.17 97.03 0 0 0
39.51 25.77 23.66 25.81 97.00 0 0 0
39.51 25.26 23.16 14.94 96.08 0 0 0
33.77 23.08 18.89 20.65 0 97.00 0 .99
35.44 18.89 23.16 17.24 0 0 96.97 0
34.62 20.00 15.73 19.15 0 0 97.03 0
42.31 21.35 27.96 23.33 1.00 0 97.00 1.00
35.06 17.98 20.88 17.78 0 96.97 0 0
37.66 23.33 21.59 24.47 0 0 96.97 0
34.25 19.78 21.51 24.21 0 0 0 97.00
28.38 24.21 20.88 20.21 0 0 0 97.00
34.62 19.57 21.28 26.80 13.00 0 0 85.15
33.77 23.96 24.47 19.57 0 0 1.00 96.04
33.75 26.32 21.51 21.28 1.00 0 0 96.97
35.00 18.68 24.21 21.88 79.00 18.18 0 0
35.37 21.51 22.58 21.88 0 96.04 0 0
42.68 26.67 23.86 26.67 99.01 5.26 8.60 4.12
35.06 22.58 22.58 22.68 0 1.00 96.97 0
34.62 25.00 22.92 20.65 0 0 0 96.97
36.25 19.78 22.83 21.28 0 0 0 96.04
36.25 20.22 20.88 24.21 97.00 0 0 0
35.90 17.78 22.34 20.65 0 97.03 0 0
34.57 16.85 22.58 19.78 0 0 96.97 0
32.47 22.58 25.53 22.83 97.03 .99 0 1.02
29.33 19.57 18.89 17.78 97.03 0 1.00 0
35.00 20.88 20.43 16.67 97.00 0 0 0
30.14 22.83 23.66 19.78 97.03 0 0 0
34.62 21.11 19.35 19.35 0 0 0 96.00
29.73 23.16 22.11 17.58 95.10 1.01 0 0
28.00 26.32 19.15 21.28 0 96.97 0 .99
30.67 26.32 21.74 23.40 0 0 0 96.94
35.90 21.98 25.00 22.58 1.00 0 0 96.04
32.89 25.26 18.28 20.43 .99 1.96 0 97.00
32.05 22.83 21.51 25.81 0 0 0 96.94
33.33 27.84 21.05 23.16 0 .99 97.00 0
44.71 24.44 25.81 30.21 0 0 96.00 0
35.80 25.00 20.65 23.40 1.00 0 0 96.00
