26.97 29.47 27.72 27.84 58.33 55.00 100.00 53.47
18.82 24.49 37.37 40.82 67.00 39.56 54.46 100.00
32.56 29.03 26.04 29.17 80.81 43.30 42.27 99.01
27.91 37.37 28.12 28.28 48.42 78.35 71.00 57.58
30.34 38.38 23.16 32.65 97.00 61.17 41.41 54.08
31.11 27.08 27.84 22.34 68.69 47.37 54.64 99.01
36.26 34.02 20.00 30.61 60.42 51.43 93.14 60.00
29.07 30.11 38.38 32.99 61.46 40.62 99.01 56.25
38.64 22.11 28.57 30.93 65.31 62.24 100.00 42.86
30.68 31.96 33.67 28.72 75.73 45.74 99.00 58.00
33.72 32.65 38.24 23.40 70.10 60.40 98.99 41.41
34.48 25.77 30.30 28.42 61.62 52.04 96.00 51.02
31.82 24.74 34.38 26.04 49.49 47.37 83.00 78.22
32.58 30.53 32.65 36.36 52.00 39.18 100.00 52.83
36.05 23.16 36.08 25.77 49.00 99.01 42.00 67.68
30.68 36.36 21.28 29.47 70.30 50.00 60.00 81.63
32.14 43.88 23.40 20.21 100.00 52.00 71.72 52.63
34.07 32.99 29.79 19.15 57.14 98.99 64.29 51.52
30.77 30.11 22.11 30.93 55.79 98.99 61.05 62.00
33.33 39.00 38.78 34.38 44.68 100.00 58.51 54.00
38.46 23.16 31.96 38.00 54.08 64.58 53.06 79.05
25.00 25.81 27.08 32.29 51.58 50.52 76.00 99.00
29.89 34.69 32.26 32.99 59.18 61.39 65.00 100.00
40.22 25.53 22.34 29.59 63.64 55.34 82.47 74.75
23.81 27.37 39.80 17.39 47.37 50.00 100.00 70.41
36.67 21.74 30.85 27.00 100.00 61.86 53.06 52.94
29.03 23.47 21.88 22.22 62.50 35.00 61.39 100.00
23.60 34.69 35.05 13.98 59.60 42.00 71.00 99.00
41.38 27.55 26.26 23.16 63.00 50.52 57.89 92.93
36.47 29.17 25.26 29.59 77.55 49.49 98.00 43.00
34.88 31.63 26.04 20.00 47.42 90.10 56.86 71.13
44.44 32.98 26.04 42.42 56.70 100.00 59.60 39.78
44.57 29.90 19.10 35.71 52.08 99.01 54.08 57.73
37.21 30.53 26.04 37.37 52.13 100.00 49.00 48.98
40.45 32.29 26.60 19.35 57.73 99.00 45.10 44.00
39.08 27.55 24.47 32.00 56.84 92.00 56.70 56.12
44.57 31.91 31.63 30.93 93.88 56.57 70.71 46.88
35.87 28.87 31.18 28.87 99.00 67.71 53.54 52.00
38.82 28.87 32.61 27.66 100.00 60.40 42.16 44.33
32.95 22.92 30.00 33.33 81.25 92.93 44.33 35.71
42.22 34.41 32.29 29.17 48.98 41.00 52.43 100.00
44.94 35.79 36.56 34.38 100.00 48.98 50.53 46.46
40.45 22.34 26.60 27.08 60.61 58.76 86.73 43.75
36.47 31.31 29.90 29.17 68.69 47.47 99.00 50.51
37.08 22.92 33.00 27.66 56.86 53.61 99.01 67.68
37.08 25.00 23.96 31.96 63.37 55.10 100.00 60.40
42.35 31.58 32.98 28.42 81.25 37.50 94.95 50.53
35.96 36.73 33.67 21.28 61.86 59.00 95.92 54.90
38.89 21.88 29.59 17.20 65.98 99.00 45.36 63.37
37.08 32.99 31.31 22.34 39.58 96.04 47.47 61.62
37.65 29.90 30.53 26.09 99.00 62.89 54.00 55.56
47.37 29.79 29.90 25.26 54.08 45.36 100.00 47.87
41.30 28.42 30.53 28.87 40.21 68.04 99.00 52.00
39.53 35.71 20.83 27.08 48.04 36.73 98.99 67.01
40.45 32.65 30.21 31.25 47.52 99.00 58.00 63.64
32.56 26.32 15.05 36.73 62.50 100.00 50.51 49.49
30.59 26.32 22.58 28.12 56.44 84.00 52.58 90.91
36.36 30.21 29.59 26.53 45.65 45.92 59.00 99.00
39.56 35.05 29.90 31.96 52.08 52.88 53.54 100.00
38.64 33.33 30.43 36.46 71.43 51.02 33.67 97.00
38.20 30.53 42.00 28.42 99.01 42.86 48.98 72.63
42.05 30.53 39.39 26.60 100.00 55.00 54.46 51.04
38.20 21.28 39.80 32.63 61.05 99.02 47.00 47.96
40.45 29.90 23.40 36.84 49.49 100.00 39.18 52.48
37.21 30.21 32.65 33.33 55.10 50.00 100.00 56.00
41.57 37.76 24.21 26.53 50.52 52.58 100.00 55.00
39.33 34.00 32.63 34.04 55.10 50.53 99.01 60.61
33.72 22.45 23.71 16.13 77.78 49.48 63.16 84.85
43.82 29.17 29.79 33.33 59.79 61.05 48.45 100.00
30.95 26.09 23.66 31.25 98.00 56.00 77.55 43.43
42.86 25.81 30.53 27.37 60.40 94.06 56.12 58.59
40.22 29.17 33.33 26.32 47.96 98.99 68.04 49.47
41.57 38.61 30.93 35.05 62.89 53.54 99.00 45.65
39.08 31.63 28.87 27.17 56.00 57.29 100.00 50.51
43.48 26.32 17.02 30.85 34.38 50.51 71.43 94.06
42.22 36.36 34.69 29.90 85.00 56.00 46.39 50.52
34.48 40.21 21.88 20.00 68.69 99.00 55.67 44.79
43.48 25.26 23.16 15.62 70.00 99.00 42.86 64.95
43.33 29.17 25.51 29.90 85.71 65.26 54.55 54.00
34.15 21.88 23.40 29.17 52.08 99.01 70.71 66.67
27.71 36.46 17.89 27.37 98.02 78.79 58.59 44.09
36.90 25.77 32.63 32.26 92.86 62.00 48.98 56.00
30.12 29.03 26.80 36.08 57.45 88.78 60.00 75.51
39.56 23.96 23.40 16.13 51.58 58.82 69.70 95.96
35.16 19.15 26.04 36.46 76.00 51.43 99.02 31.68
34.12 34.34 18.48 30.93 42.27 50.00 99.01 71.72
39.77 22.92 24.21 20.21 53.61 48.96 99.00 49.49
40.23 27.66 28.87 23.40 47.52 57.14 99.00 65.31
44.32 34.04 32.32 25.53 72.45 59.18 99.01 42.42
39.13 31.58 19.35 20.21 70.71 74.75 82.83 50.52
42.70 38.78 29.79 31.00 55.10 88.00 70.10 50.53
34.52 32.32 29.90 34.74 64.95 99.00 53.68 47.52
39.53 26.32 26.32 26.32 44.79 54.08 100.00 62.24
37.08 37.00 28.12 33.33 54.95 50.00 99.00 48.98
42.05 34.69 26.53 33.67 42.71 51.00 99.00 53.61
31.46 23.47 26.88 31.96 99.01 43.88 46.53 47.42
32.58 29.90 31.25 31.63 49.49 52.53 100.00 49.04
29.89 42.27 27.08 22.58 88.89 65.00 55.56 61.86
37.50 31.58 26.32 27.37 70.71 60.61 88.00 45.92
31.40 40.20 26.04 23.40 99.01 44.90 59.18 57.73
