21.84 20.21 22.83 16.85 0 78.89 0 66.67
15.12 18.09 21.05 16.49 4.21 17.53 68.06 50.00
19.77 25.25 21.28 25.00 73.33 67.57 4.00 0
19.10 18.95 15.96 19.79 17.35 66.67 57.30 0
21.59 20.21 23.71 20.83 0 0 76.19 68.49
14.12 20.83 15.96 17.53 0 77.78 0 65.15
21.59 20.83 21.05 20.83 0 0 77.53 71.43
13.95 17.71 14.13 20.20 3.16 35.23 78.05 20.88
18.39 15.96 19.35 15.96 3.06 68.42 72.62 0
20.93 19.35 28.28 24.21 15.79 29.59 27.37 68.49
16.09 13.33 20.62 18.18 7.22 66.67 45.56 19.79
16.48 13.98 17.71 12.90 1.01 32.53 79.35 22.09
18.18 20.62 20.00 13.04 1.00 65.71 31.25 44.21
14.29 17.39 16.48 20.21 7.29 59.46 46.24 24.21
20.69 16.30 25.25 18.09 5.26 62.20 41.76 30.21
24.44 18.48 20.43 21.28 15.15 55.95 67.12 0
22.73 25.26 25.00 23.16 0 49.37 12.63 75.86
18.39 17.78 18.95 17.02 48.39 25.26 68.92 0
19.32 21.88 22.92 19.79 0 78.89 69.86 0
20.00 24.24 21.65 18.75 10.31 68.00 14.00 53.61
24.18 23.71 22.11 20.21 20.21 64.44 0 55.84
17.24 13.68 16.30 16.13 0 65.71 78.41 0
21.98 18.48 21.43 18.95 0 32.26 67.12 38.04
16.85 17.89 19.15 18.00 0 25.00 33.33 79.31
15.91 20.41 18.95 12.90 0 69.23 77.91 .99
23.60 15.56 20.43 16.13 8.51 78.41 52.70 0
17.86 21.28 24.47 18.68 9.89 0 78.02 51.28
14.63 21.28 19.57 19.57 14.58 2.00 59.34 68.06
18.60 19.15 19.79 19.35 5.15 0 78.65 60.53
24.44 21.05 20.21 18.48 19.79 0 55.56 66.67
16.47 18.95 16.48 21.05 7.29 46.94 55.41 29.47
17.24 15.22 14.89 24.75 0 9.57 52.63 77.91
21.11 18.75 18.56 13.83 26.74 13.98 78.95 16.13
17.07 16.48 20.88 19.79 8.00 69.88 59.49 3.23
17.86 16.48 16.13 17.02 56.99 16.84 69.33 0
22.83 17.02 18.09 16.67 5.43 53.25 79.78 0
21.18 20.65 19.78 21.11 30.11 .99 68.49 45.83
16.85 13.98 17.89 16.84 1.00 69.23 78.16 0
18.60 20.00 25.00 20.62 5.05 67.12 50.55 19.39
21.84 18.68 20.43 19.57 2.02 16.30 78.72 41.25
15.12 14.89 13.98 14.74 0 78.02 66.22 1.01
15.66 20.00 21.28 21.28 8.25 6.00 63.44 68.06
20.00 21.05 24.74 17.02 6.93 72.73 65.67 0
18.29 22.92 20.88 20.21 0 77.91 1.00 70.27
21.11 17.20 15.38 20.21 28.57 47.44 47.31 12.90
22.73 22.34 25.26 19.15 25.77 3.96 49.47 69.86
17.44 21.43 20.83 23.23 5.05 66.20 0 71.26
19.54 14.61 22.11 17.58 34.74 41.05 0 62.90
17.05 12.90 20.00 19.79 0 73.03 65.71 4.04
25.29 23.40 27.55 21.74 0 31.25 77.78 20.93
20.22 21.57 20.62 19.39 0 78.89 25.56 33.33
20.00 21.28 21.51 20.43 19.79 20.65 55.00 42.27
20.93 26.53 21.05 18.48 1.01 78.41 0 69.86
17.44 14.29 23.96 16.48 1.03 78.89 0 67.12
14.12 12.22 13.19 17.39 0 77.91 69.62 .99
15.29 22.92 18.95 12.90 76.74 70.13 1.00 0
16.67 18.28 20.00 17.02 23.60 79.12 5.15 27.38
18.18 16.13 17.53 19.00 37.18 0 20.43 77.91
16.87 18.68 18.09 20.00 31.25 46.94 0 68.57
19.10 12.50 17.20 13.98 0 66.20 80.00 1.98
10.71 13.68 13.98 11.96 63.75 8.60 0 68.18
20.45 20.83 20.00 18.48 2.02 19.15 68.00 51.61
18.18 20.83 16.84 17.89 0 66.18 53.61 21.88
22.73 17.39 21.05 17.39 35.53 80.00 1.96 19.78
15.66 15.38 23.71 20.43 0 77.38 0 71.05
13.95 19.15 18.95 15.22 4.00 74.16 65.71 0
21.35 22.11 18.48 19.35 61.36 14.29 0 70.67
17.65 22.92 13.19 14.89 6.32 38.82 78.65 13.04
17.44 13.98 14.13 17.02 44.68 30.53 0 68.92
16.85 22.45 20.41 18.75 1.00 67.14 78.65 0
16.47 18.95 19.79 21.43 0 0 67.57 77.27
17.44 14.61 20.62 28.43 9.09 67.05 65.75 0
20.45 19.57 20.00 21.65 61.29 68.49 14.58 0
15.29 18.56 14.89 18.75 0 78.89 65.71 0
16.47 17.20 18.95 16.30 61.54 13.40 67.12 1.00
20.22 16.84 23.96 19.15 1.01 .99 67.95 78.02
25.27 22.11 21.65 29.70 1.01 31.96 66.67 43.48
20.00 21.65 23.47 20.20 0 67.57 18.56 56.04
18.89 19.35 19.79 18.37 10.31 47.44 78.02 2.04
20.43 17.20 18.75 17.53 9.18 43.84 3.16 79.35
19.77 20.21 21.28 23.96 0 67.61 76.83 .99
11.76 17.02 14.44 17.02 21.05 67.57 53.76 0
18.18 22.22 18.75 17.00 32.29 43.62 67.14 0
16.28 18.09 15.96 17.02 0 68.42 47.87 26.04
17.98 16.84 13.19 18.37 6.25 56.58 78.16 1.00
17.44 17.20 19.35 15.96 0 74.44 2.04 68.49
27.59 28.72 28.42 25.27 0 65.71 77.91 0
25.56 20.21 22.11 22.11 0 60.23 16.16 69.86
17.65 20.00 25.25 21.05 64.18 79.55 0 0
15.48 18.95 21.21 17.02 68.49 0 78.16 0
16.47 15.22 21.05 22.11 13.54 17.78 63.04 40.74
16.85 16.84 15.62 16.84 3.96 61.43 77.01 1.00
14.94 14.74 19.59 19.15 1.01 67.57 1.00 80.00
21.59 20.43 19.15 24.49 0 0 68.42 78.16
17.98 18.09 20.83 11.83 67.57 78.41 0 0
13.79 19.39 17.39 14.89 19.77 78.16 39.77 0
19.05 18.48 21.51 17.78 32.97 31.25 6.19 67.14
23.86 14.29 21.65 54.84 10.75 51.28 78.65 0
17.05 17.02 17.02 15.96 0 67.12 78.16 0
19.32 24.24 25.51 20.41 23.66 34.21 0 77.66
