41.11 34.04 32.22 30.43 0 5.15 1.01 19.78
47.13 32.61 32.61 27.27 9.38 3.03 8.33 11.11
40.74 31.46 35.11 35.87 8.33 21.05 2.00 1.02
41.86 35.11 26.97 33.71 5.15 8.91 1.00 25.49
39.77 32.97 29.21 30.00 27.27 7.07 0 8.08
41.46 32.61 34.78 31.46 23.08 18.69 3.03 19.42
41.18 32.97 31.46 33.70 23.85 10.10 16.04 0
46.51 41.49 37.36 32.58 1.06 15.31 9.18 13.54
43.02 34.78 35.16 34.07 30.00 0 1.00 14.43
45.88 36.36 33.33 37.78 0 5.05 17.53 20.62
44.19 32.26 34.38 36.46 18.75 13.13 12.50 2.00
46.15 37.11 29.35 38.38 6.25 2.00 26.32 6.25
44.05 40.82 40.40 33.33 1.03 17.58 11.22 7.00
42.86 27.27 36.46 30.43 0 7.37 9.57 12.12
49.44 36.26 39.36 41.76 44.44 2.00 1.01 3.00
45.56 38.95 40.00 40.21 14.29 10.68 1.00 23.08
45.24 37.23 37.50 36.26 2.02 9.09 11.88 14.43
40.23 36.84 37.89 32.61 3.12 1.01 21.00 18.68
40.74 41.76 37.08 35.56 3.12 16.84 30.61 11.11
54.55 41.38 43.30 43.62 13.98 1.01 11.88 21.65
48.28 34.38 36.96 38.30 23.23 25.25 10.31 0
46.67 31.11 28.89 32.26 30.21 3.96 10.00 31.52
54.44 41.67 34.83 44.57 2.13 17.53 16.16 24.24
46.59 41.49 39.58 38.30 11.34 10.89 21.88 10.10
46.34 33.70 40.86 37.23 10.42 2.02 9.00 18.37
50.55 38.04 39.78 39.36 10.42 19.39 6.06 14.29
46.43 36.17 37.23 31.82 10.53 10.42 6.06 18.18
47.67 33.70 35.29 40.22 5.43 16.84 4.08 8.00
50.55 33.33 36.17 38.46 13.83 12.50 5.00 3.06
43.37 35.48 35.48 43.75 32.32 11.34 7.07 4.08
50.00 47.47 39.13 37.23 29.59 13.40 8.16 0
38.55 31.11 29.89 34.07 26.80 9.47 1.00 3.06
40.48 34.07 36.96 32.95 0 6.06 16.16 27.17
46.51 36.46 32.97 41.05 19.15 0 10.20 3.03
43.90 37.63 42.27 38.04 1.03 21.65 10.31 2.00
38.10 39.58 34.83 30.00 25.53 7.45 6.00 1.00
40.48 45.54 35.48 37.63 22.68 4.21 1.01 23.40
49.43 36.56 31.82 33.33 12.50 5.00 20.41 8.08
45.88 34.78 35.79 33.33 2.02 0 21.00 22.58
43.90 37.63 42.27 34.09 2.06 14.89 24.00 8.08
43.90 36.96 34.04 33.70 16.67 11.34 5.94 9.09
39.76 40.00 37.89 44.21 20.65 19.39 1.01 .99
54.74 38.54 40.21 39.80 13.83 15.00 4.00 9.80
41.86 38.38 35.42 31.11 21.88 22.33 5.10 1.00
45.98 37.63 33.33 32.26 1.03 21.21 13.98 6.12
51.09 41.49 38.61 36.36 7.61 17.17 10.64 0
44.44 39.58 37.63 40.43 0 .99 3.03 26.60
47.56 40.62 39.18 35.96 10.53 11.00 2.00 11.58
45.45 31.18 31.87 36.08 17.20 26.80 2.00 16.00
42.68 37.23 35.56 31.87 4.21 23.53 1.98 23.91
47.73 34.07 44.79 37.63 7.22 9.00 8.33 10.42
39.51 32.22 40.86 36.26 6.32 1.00 13.54 3.06
40.48 36.84 37.36 41.00 0 1.00 1.02 32.98
47.19 38.95 43.16 36.17 16.83 20.00 8.74 0
45.78 34.83 41.94 39.56 12.63 13.83 6.00 7.92
42.53 33.70 34.78 31.52 15.31 11.70 5.26 1.00
45.35 43.33 42.11 39.13 20.21 4.04 5.05 5.05
50.00 42.55 34.41 40.62 8.33 17.53 27.27 6.25
43.53 37.63 32.22 39.13 5.15 12.09 23.23 .99
51.16 42.42 39.56 38.04 7.53 18.37 18.95 22.00
46.07 33.71 33.68 34.44 13.83 9.38 .99 23.00
47.67 39.56 36.26 37.63 7.37 10.00 22.11 3.06
47.06 37.08 35.16 38.04 11.34 15.62 10.42 12.00
48.24 34.83 35.16 40.45 5.10 15.96 15.00 3.03
43.82 32.97 32.61 34.04 11.70 5.21 23.23 0
42.17 35.11 34.83 37.36 4.17 14.89 18.37 0
44.19 40.00 33.33 38.04 3.09 34.07 1.98 1.00
47.78 43.62 34.78 40.43 9.00 6.86 6.12 10.31
48.81 42.39 38.71 41.05 19.61 5.00 1.00 23.23
51.65 35.16 41.84 35.79 10.20 16.83 15.46 13.13
36.90 29.21 42.71 32.97 2.02 0 21.21 18.63
47.13 39.33 42.22 38.64 23.23 0 7.07 12.75
45.35 34.44 41.05 34.44 2.02 1.02 24.75 24.51
46.07 41.49 32.61 32.97 2.06 22.00 23.00 0
44.94 30.68 40.00 35.87 12.37 24.00 12.12 0
35.37 29.35 30.77 42.27 1.03 23.71 18.00 0
42.53 33.33 40.86 34.78 13.68 11.22 .99 8.00
39.24 35.56 42.55 39.78 17.71 12.12 2.02 11.76
40.00 29.21 43.30 40.21 10.89 15.15 15.79 3.00
46.51 37.63 38.04 37.11 20.00 9.18 22.22 0
37.65 38.30 34.41 35.87 17.98 13.27 3.00 5.00
41.98 40.66 35.05 41.67 9.47 0 9.00 15.15
48.89 38.04 40.00 32.18 1.06 11.00 10.20 26.67
47.19 42.39 32.97 38.04 0 8.00 3.03 43.75
47.67 40.00 41.57 32.95 14.14 7.00 18.18 42.19
43.18 42.86 42.71 36.36 14.14 35.59 3.03 0
49.44 41.49 32.97 36.46 24.30 8.00 11.00 4.04
39.29 41.30 35.71 35.87 9.89 4.17 4.04 9.00
47.73 34.04 35.79 34.02 13.83 19.79 0 0
39.74 38.95 37.08 34.83 6.19 10.31 4.12 15.46
38.82 37.23 38.04 35.48 5.38 15.31 7.14 0
39.29 30.23 39.13 36.67 4.17 12.37 1.01 13.83
38.20 35.11 32.98 26.37 3.09 1.00 25.00 1.01
37.21 37.37 33.68 34.74 19.35 .99 .99 8.08
47.73 36.17 35.16 39.18 4.08 1.00 36.36 2.00
41.76 34.74 31.25 33.33 1.02 9.28 19.19 .99
43.33 35.42 35.87 30.00 9.00 32.69 2.04 3.09
43.62 28.72 34.38 30.77 13.33 30.70 0 .99
47.19 32.97 41.67 35.11 1.03 18.45 10.68 13.21
42.35 34.44 34.07 34.41 36.63 0 7.77 9.00

