24.27
27.25
27.81
26.50
22.07
22.76
23.22
27.06
23.94
22.91
26.10
27.22
22.95
23.72
24.31
25.23
25.50
26.54
25.76
24.15
20.70
25.40
24.63
25.87
22.96
24.44
23.68
23.78
23.55
22.13
25.97
22.88
29.75
24.90
25.82
26.78
28.09
26.71
24.64
25.26
24.20
24.90
25.78
24.06
27.44
26.66
27.11
26.19
26.86
27.63
23.60
21.83
21.74
19.38
25.07
24.07
23.90
21.73
21.57
22.24
20.60
22.37
20.95
20.52
22.40
22.64
24.50
23.08
24.20
23.87
24.01
20.95
23.03
22.47
23.78
20.13
18.42
22.46
18.39
19.33
23.04
19.40
21.48
21.32
20.42
21.96
20.49
18.00
21.07
20.03
21.38
24.09
19.05
21.71
21.69
22.49
19.79
20.62
18.56
24.05
