0.007586
0.005796
0.008817
0.005661
0.005748
0.006468
0.006637
0.006057
0.005916
0.006267
0.006391
0.005644
0.006091
0.008244
0.007625
0.006627
0.010783
0.005888
0.006145
0.005818
0.006103
0.005767
0.010574
0.006653
0.006059
0.006943
0.006136
0.005504
0.006692
0.00583
0.005656
0.007042
0.006555
0.007531
0.005714
0.00881
0.005891
0.005996
0.006348
0.005891
0.006192
0.009541
0.009452
0.007916
0.006457
0.008818
0.005951
0.006332
0.010087
0.00618
0.009381
0.006236
0.009209
0.005882
0.006353
0.006273
0.006848
0.006857
0.006123
0.006384
0.007991
0.006
0.006947
0.007998
0.005649
0.008475
0.007056
0.012027
0.008949
0.006119
0.009264
0.005797
0.006139
0.005639
0.006865
0.00598
0.007277
0.006625
0.006838
0.00897
0.006357
0.005947
0.006081
0.007885
0.006269
0.007472
0.006111
0.006153
0.00636
0.007258
0.006514
0.010393
0.00624
0.00738
0.007415
0.006665
0.006261
0.008554
0.007234
0.00653
0.007963
0.007389
0.006881
0.006819
0.005985
0.006578
0.00615
0.009886
0.005906
0.010427
0.005926
0.005948
0.006146
0.0067
0.006744
0.005892
0.009569
0.006458
0.009877
0.006397
0.009586
0.00616
0.006201
0.008289
0.009698
0.006202
0.006012
0.009471
0.007742
0.006394
0.005971
0.009272
0.005954
0.008189
0.010728
0.005902
0.010289
0.005707
0.006594
0.006186
0.005864
0.00614
0.005862
0.006553
0.0074
0.006462
0.00895
0.009471
0.006012
0.007002
0.00735
0.006248
0.006
0.006564
0.005737
0.007931
0.009223
0.006222
0.009219
0.006161
0.006383
0.005783
0.005824
0.007308
0.00646
0.008268
0.006166
0.006304
0.006234
0.007146
0.007363
0.006045
0.006221
0.007405
0.007755
0.006697
0.006081
0.006154
0.006872
0.006186
0.006002
0.006046
0.006084
0.00678
0.005924
0.006024
0.009452
0.006301
0.006026
0.005788
0.005785
0.006333
0.006069
0.007697
0.007482
0.005979
0.005953
0.009711
0.007107
0.009212
0.007309
0.005758
0.005923
0.005927
0.005727
0.00594
0.007434
0.006656
0.006924
0.006146
0.006198
0.006218
0.007203
0.006004
0.006969
0.006259
0.006185
0.006094
0.005855
0.005953
0.008779
0.006632
0.007175
0.008205
0.005856
0.008034
0.006091
0.007838
0.005873
0.005622
0.011037
0.006612
0.007253
0.005997
0.008583
0.006188
0.00626
0.007135
0.006635
0.005849
0.006053
0.008174
0.006979
0.009303
0.006594
0.00599
0.006055
0.005604
0.005766
0.00948
0.00713
0.007648
0.006393
0.008113
0.005938
0.010737
0.007392
0.00679
0.005936
0.006884
0.005945
0.007669
0.006797
0.006059
0.010756
0.005924
0.006659
0.006582
0.006166
0.00788
0.005946
0.005954
0.006085
0.007625
0.005938
0.007181
0.006143
0.006238
0.00615
0.008046
0.005878
0.007401
0.009734
0.006053
0.00594
0.006155
0.006154
0.006431
0.006048
0.007853
0.006413
0.006363
0.00949
0.005958
0.011761
0.006026
0.006234
0.006671
0.005837
0.006637
0.00574
0.00631
0.006781
0.005847
0.008118
0.005752
0.008239
0.006292
0.006107
0.008031
0.005772
0.006664
0.007161
0.00611
0.005904
0.006318
0.01253
0.006712
0.005833
0.010339
0.005956
0.005875
0.005741
0.005922
0.007888
0.005893
0.009649
0.006672
0.009028
