0.009475
0.007229
0.006343
0.007645
0.007886
0.006538
0.006222
0.006521
0.009443
0.006085
0.005886
0.006101
0.008381
0.006326
0.006055
0.006427
0.007432
0.007875
0.006097
0.009877
0.007841
0.005891
0.00949
0.006177
0.010167
0.005959
0.006333
0.010471
0.006497
0.011597
0.006316
0.006108
0.00616
0.009243
0.008805
0.006058
0.006702
0.006417
0.008068
0.006714
0.008325
0.006488
0.006773
0.007456
0.006167
0.008823
0.007762
0.006077
0.005914
0.007587
0.006248
0.006488
0.006151
0.007444
0.00619
0.007876
0.006778
0.006671
0.00614
0.007656
0.006218
0.005789
0.005817
0.009411
0.005873
0.005876
0.00815
0.006128
0.008706
0.005982
0.006495
0.008518
0.006301
0.006819
0.006751
0.00601
0.006546
0.00703
0.00705
0.008614
0.006028
0.009604
0.009903
0.006588
0.006506
0.007576
0.0061
0.007807
0.006443
0.010052
0.007046
0.006501
0.006039
0.006633
0.006182
0.010618
0.005862
0.011142
0.006393
0.00986
0.006049
0.006771
0.010347
0.005819
0.009856
0.006131
0.005953
0.006011
0.007989
0.006495
0.005942
0.010432
0.006181
0.005957
0.006577
0.007629
0.010753
0.007091
0.009057
0.006471
0.006689
0.011988
0.012125
0.005919
0.011906
0.005909
0.006249
0.006292
0.007591
0.008555
0.006103
0.006003
0.006615
0.006067
0.007953
0.006567
0.006307
0.006064
0.007394
0.006409
0.006549
0.006954
0.009099
0.006445
0.00593
0.006835
0.007779
0.008528
0.006027
0.006534
0.007043
0.005816
0.007964
0.007863
0.00598
0.009963
0.006266
0.008829
0.006608
0.006235
0.005949
0.006197
0.0061
0.00715
0.006703
0.007915
0.006279
0.006024
0.006535
0.007138
0.006684
0.005913
0.006785
0.00603
0.006261
0.007934
0.006589
0.007051
0.007324
0.005966
0.006067
0.005997
0.006102
0.007447
0.006131
0.010965
0.010538
0.006012
0.009399
0.005881
0.009667
0.006187
0.006363
0.012112
0.006292
0.011364
0.005866
0.008012
0.006727
0.006507
0.006059
0.010146
0.00678
0.006373
0.006024
0.006011
0.007239
0.006709
0.007141
0.006095
0.00624
0.011028
0.006969
0.006601
0.006284
0.011623
0.007638
0.006933
0.009076
0.006208
0.006777
0.008594
0.006263
0.01021
0.00615
0.006242
0.009821
0.00618
0.007303
0.00608
0.00668
0.005978
0.005767
0.008976
0.006504
0.009847
0.006967
0.010906
0.006289
0.006133
0.006026
0.006592
0.006234
0.008194
0.006018
0.007281
0.007833
0.006215
0.007693
0.006334
0.006049
0.007294
0.006376
0.00638
0.006107
0.007845
0.006594
0.006643
0.008998
0.00589
0.006488
0.006586
0.010828
0.006436
0.006786
0.005897
0.00617
0.009551
0.007149
0.006117
0.007581
0.005822
0.005857
0.006364
0.008222
0.010941
0.006122
0.006197
0.006044
0.007989
0.00583
0.006189
0.005998
0.007797
0.007273
0.006363
0.006194
0.007256
0.005649
0.008332
0.00623
0.006579
0.006299
0.009074
0.006078
0.00561
0.008688
0.005955
0.006309
0.005829
0.006432
0.007847
0.006636
0.005848
0.009029
0.005841
0.009604
0.00616
0.009836
0.011106
0.006229
0.010464
0.007046
0.006294
0.009169
0.008881
0.007265
0.005876
0.007059
0.006027
0.007162
0.006154
0.006153
0.007894
0.006722
0.005749
0.007983
0.006144
0.009432
0.006075
0.006307
0.010479
0.006221
0.006289
0.00744
0.006954
0.012309
0.006549
0.006439
0.008779
0.006002
0.013153
0.006128
0.006175
0.009357
0.006212
0.009851
0.005974
0.005933
0.00654
0.009101
0.007008
0.006181
0.006418
0.006238
0.008426
0.005846
0.006424
0.005769
0.007959
0.005982
0.006045
0.00586
0.006713
0.006928
0.007555
0.008709
0.006048
0.006304
0.006016
0.008279
0.007281
0.006495
0.006016
0.007894
0.006247
0.006047
0.007632
0.006962
0.006043
0.006235
0.007024
0.007063
0.006109
0.006087
0.006362
0.00611
0.008755
0.006158
0.006549
0.007911
0.006202
0.006414
0.006263
0.009699
0.009849
0.005928
0.006105
0.006518
0.006779
0.006009
0.006426
0.008923
0.005825
0.005885
0.010077
0.006401
0.005988
0.006269
0.007135
0.007521
0.006506
0.008274
0.007774
0.006824
0.007983
0.006274
0.008008
0.006659
0.007283
0.006089
0.006043
0.009084
0.006323
0.006417
0.008521
0.005928
0.007004
0.007435
0.006281
0.006119
0.006177
0.006067
0.007249
0.009012
0.00763
0.006131
0.006576
0.006079
0.006139
0.006994
0.006082
0.005911
0.006495
0.00589
0.008391
0.006145
0.00721
0.008169
0.005811
0.006539
0.006245
0.006267
0.006058
0.005892
0.007652
0.006446
0.009873
0.006166
0.005824
0.009613
0.006952
0.005969
0.006199
0.005863
0.006897
0.007936
0.00641
0.006281
0.006481
0.008027
0.006094
0.007332
0.006365
0.006374
0.007628
0.00607
0.00626
0.008025
0.006296
0.009509
0.006291
0.006721
0.006138
0.005864
0.007456
0.005946
0.006094
0.00592
0.009791
0.006667
0.00652
0.00585
0.005995
0.006089
0.007109
0.006082
0.009435
0.006009
0.005858
0.009196
0.006479
0.007461
0.007716
0.010113
0.009596
0.009895
0.006725
0.006566
0.010111
0.006353
0.006094
0.006439
0.007079
0.006809
0.009601
0.006486
0.006004
0.011906
0.006132
0.012988
0.007064
0.006346
0.00921
0.006001
0.009096
0.005857
0.008288
0.005749
0.006539
0.005944
0.005999
0.006396
0.006074
0.008871
0.006142
0.006528
0.010896
0.005929
0.009758
0.006003
0.006071
0.00596
0.011074
0.006095
0.006113
0.006345
0.009197
0.006464
0.013119
0.006698
0.011488
0.006353
0.011207
0.006544
0.005984
0.006877
0.006241
0.009602
0.012104
0.006964
0.007834
0.006123
0.005921
0.005967
0.006417
0.007899
