0.008217
0.006158
0.006737
0.005946
0.006001
0.007473
0.006631
0.008643
0.011694
0.006094
0.006097
0.006007
0.011354
0.005938
0.006468
0.008784
0.006108
0.005997
0.006
0.009255
0.006832
0.006794
0.01121
0.005885
0.005988
0.009628
0.005917
0.006382
0.00781
0.006024
0.009955
0.006274
0.006286
0.005634
0.007955
0.005803
0.005748
0.006448
0.007367
0.005923
0.007102
0.006733
0.005896
0.006684
0.006144
0.005904
0.007934
0.005975
0.008682
0.005749
0.006549
0.006323
0.00892
0.00819
0.006559
0.006531
0.005835
0.007824
0.005864
0.011403
0.006476
0.006235
0.006016
0.00622
0.00603
0.006244
0.009597
0.00702
0.005948
0.006201
0.008943
0.005839
0.009278
0.006267
0.007191
0.00584
0.006273
0.00592
0.006644
0.007592
0.006526
0.00794
0.006539
0.005812
0.005789
0.009306
0.005716
0.005831
0.006044
0.010391
0.006149
0.008667
0.011489
0.006897
0.006219
0.007986
0.006168
0.007071
0.00803
0.006218
0.006025
0.006689
0.006256
0.008834
0.006569
0.006146
0.00595
0.008893
0.005953
0.007513
0.010387
0.011756
0.00549
0.006224
0.007719
0.006188
0.00655
0.008235
0.00586
0.006318
0.006304
0.010235
0.005832
0.006068
0.007218
0.006035
0.005944
0.005707
0.006944
0.005997
0.009357
0.010269
0.009293
0.005737
0.009726
0.00604
0.006552
0.00644
0.006032
0.010929
0.005598
0.006276
0.011117
0.006407
0.011565
0.006033
0.00595
0.009907
0.006336
0.006161
0.006405
0.008511
0.005599
0.005897
0.007621
0.00614
0.005977
0.006978
0.007463
0.007071
0.008778
0.005996
0.005815
0.006069
0.008065
0.006031
0.006345
0.007335
0.006324
0.00607
0.006624
0.006421
0.009061
0.008413
0.006207
0.005991
0.009213
0.006161
0.005753
0.009433
0.006842
0.010963
0.010017
0.00637
0.006937
0.006568
0.006442
0.00716
0.009529
0.005936
0.009482
0.009533
0.006712
0.006076
0.009378
0.005919
0.006194
0.009039
0.006545
0.00607
0.009341
0.0065
0.010726
0.010745
0.009764
0.006283
0.005945
0.006069
0.006499
0.005967
0.008909
0.006341
0.009635
0.006237
0.006114
0.007534
0.006222
0.00636
0.007566
0.00689
0.006059
0.008224
0.006708
0.00571
0.006165
0.00655
0.007664
0.005895
0.005852
0.008131
0.005721
0.007138
0.007676
0.006262
0.005905
0.006414
0.006747
0.008875
