0.091807
0.056195
0.085392
0.110677
0.086691
0.112106
0.092654
0.09711
0.077984
0.054559
0.103065
0.04995
0.086191
0.125873
0.099751
0.094682
0.094869
0.110669
0.102348
0.07599
0.082432
0.056375
0.078003
0.053272
0.079223
0.077869
0.082297
0.067611
0.077862
0.055688
0.079441
0.067003
0.076231
0.098587
0.071056
0.065826
0.055931
0.053212
0.088251
0.069708
0.087238
0.063314
0.068266
0.114449
0.120741
0.090059
0.084175
0.111863
0.112377
0.068445
0.093402
0.098152
0.079071
0.130555
0.094159
0.068532
0.12716
0.06714
0.074829
0.051576
0.055408
0.087919
0.087858
0.057477
0.061211
0.054974
0.058883
0.085777
0.083135
0.099536
0.087783
0.096329
0.084519
0.099232
0.068229
0.071586
0.096157
0.078882
0.129877
0.120594
0.081721
0.07044
0.058644
0.078229
0.094601
0.070288
0.090666
0.057922
0.09514
0.069198
0.095585
0.067296
0.083094
0.059622
0.079468
0.062464
0.099149
0.086479
0.084052
0.085632
0.05634
0.100881
0.066338
0.11065
0.086491
0.058554
0.053245
0.113406
0.086845
0.095993
0.104861
0.084672
0.084754
0.08926
0.066171
0.082222
0.073066
0.101246
0.066851
0.106507
0.088095
0.103801
0.069097
0.128374
0.090222
0.071795
0.088252
0.087592
0.067628
0.086927
0.066928
0.075926
0.094559
0.056783
0.089681
0.083045
0.103174
0.130954
0.074272
0.094332
0.097598
0.054701
0.108289
0.12801
0.107745
0.086127
0.089152
0.063097
0.067829
0.112919
0.098827
0.071192
0.076778
0.114203
0.075046
0.074309
0.062158
0.088885
0.107987
0.093747
0.095169
0.054534
0.063114
0.10219
0.08678
0.102614
0.068
0.087855
0.063585
0.061771
0.129606
0.092896
0.069398
0.093147
0.077169
0.074322
0.103615
0.053379
0.061282
0.061058
0.053702
0.13128
0.13111
0.093767
0.086268
0.099085
0.073762
0.056884
0.110538
0.112486
0.1209
0.111377
0.069884
0.087523
0.109936
0.112266
0.079767
0.055019
0.062756
0.086525
0.10508
0.099545
0.073022
0.070262
0.091355
0.093581
0.085794
0.073342
0.110406
0.077477
0.076556
0.111455
0.118732
0.12999
0.099071
0.111815
0.068511
0.098442
0.056028
0.054905
0.052946
0.085915
0.077853
0.090572
0.083896
0.074701
0.088952
0.085607
0.066402
0.090221
0.059099
0.101813
0.073667
0.080776
0.109409
0.10042
0.083842
0.054815
0.056775
0.114072
0.129128
0.075072
0.078113
0.064807
0.067878
0.056738
0.085418
0.056985
0.078097
0.078103
0.053445
0.058545
0.126252
0.091667
0.069181
0.05402
0.07961
0.095687
0.081813
0.072973
0.053692
0.052411
0.063276
0.049536
0.063758
0.069632
0.052819
0.089343
0.077385
0.067024
0.05375
0.079398
0.068767
0.053606
0.07659
0.095284
0.064521
0.069457
0.067774
0.064709
0.13024
0.091538
0.057119
0.078214
0.063589
0.05772
0.072915
0.066721
0.078044
0.055139
0.05712
0.088459
0.060569
0.097011
0.067624
0.062776
0.101054
0.088181
0.072387
0.10306
0.096566
0.1087
0.078133
0.06531
0.054355
0.084527
0.078519
0.053398
0.068429
0.065674
0.10217
0.084552
0.062542
0.102897
0.08965
0.078208
0.060797
0.063797
0.064492
0.081499
0.089687
0.079309
0.090939
0.06089
0.097432
0.081381
0.121176
0.089764
0.065692
0.092881
0.105568
0.075727
0.072121
0.081528
0.055513
0.112277
0.075637
0.103682
0.066421
0.05671
0.111264
0.099867
0.097996
0.089634
0.059703
0.080035
0.05689
0.060732
0.078018
0.086284
0.103861
0.081799
0.069935
0.10337
0.096938
0.089103
0.111686
0.070285
0.057405
0.069717
0.054676
0.056637
0.130447
0.117119
0.07457
0.055038
0.05552
0.118779
0.088161
0.067696
0.054923
0.054357
0.097137
0.075553
0.069758
0.071727
0.086454
0.112839
0.103626
0.095886
0.102281
0.062098
0.074512
0.084135
0.091473
0.068184
0.06634
0.065152
0.065808
0.062266
0.049637
0.089734
0.064443
0.066618
0.057695
0.081085
0.072673
0.054558
0.113982
0.068638
0.102733
0.077731
0.111751
0.054517
0.099812
0.115174
0.092764
0.071382
0.08567
0.098256
0.106189
0.060752
0.120147
0.064887
0.076069
0.060901
0.07398
0.049723
0.060536
0.055228
0.055732
0.091045
0.111819
0.104492
0.062199
0.083392
0.053782
0.097924
0.09231
0.11898
0.056911
0.103909
0.05873
0.075738
0.095738
0.110928
0.061522
0.056654
0.053295
0.094754
0.065473
0.058608
0.086769
0.066787
0.092542
0.095626
0.076357
0.098343
0.128933
0.092755
0.059277
0.082491
0.062387
0.110768
0.071851
0.06916
0.085587
0.063645
0.076293
0.069049
0.068378
0.0917
0.096434
0.067666
0.062614
0.103618
0.064318
0.094796
0.065597
0.059276
0.057267
0.072511
0.09189
0.112974
0.075889
0.076512
0.104406
0.067164
0.127349
0.099103
0.129403
0.098233
0.060604
0.096578
0.095053
0.093427
0.102936
0.071101
0.056908
0.107305
0.070834
0.054806
0.119236
0.076107
0.074595
0.064586
0.128751
0.096733
0.082632
0.060964
0.097922
0.073577
0.087289
0.11888
0.073213
0.068201
0.084303
0.056006
0.056086
0.065437
0.05332
0.05517
0.129629
0.075199
0.06549
0.063632
0.053134
0.059268
0.068007
0.056879
0.124486
0.112286
0.062796
0.087079
0.060782
0.128558
0.106391
0.06086
0.070401
0.109004
0.099457
0.065676
0.054514
0.072982
0.066194
0.057195
0.094077
0.098663
0.085268
0.090267
0.10925
0.090282
0.078057
0.100214
0.068967
0.107372
0.108039
0.092575
0.125492
0.096815
0.058425
0.076711
0.090417
0.063378
0.111961
0.063168
0.067397
0.054201
0.083024
0.063984
0.06005
0.095707
0.069958
0.106213
0.086783
0.072539
0.054093
0.088509
0.103464
0.063372
0.132189
0.094522
0.0647
0.068399
0.116319
0.091987
0.103263
0.095968
0.084617
0.091371
0.097465
0.068306
0.057253
0.070304
0.080783
0.057498
0.106324
0.06811
0.06926
0.081991
0.104465
0.078951
0.076676
0.057599
0.105235
0.071846
0.130331
0.1078
0.113418
0.072422
0.054736
0.080007
0.079888
0.064186
0.105511
0.070742
0.113568
0.08858
0.129805
0.087566
0.075247
0.053832
0.05637
0.096443
0.085587
0.087088
0.070143
0.084642
0.076206
0.071045
0.077249
0.057299
0.09451
0.066077
0.055444
0.055196
0.113222
0.076115
0.069796
0.105521
0.065302
0.090477
0.129314
0.092945
0.104937
0.065375
0.104181
0.062919
0.113769
0.069661
0.091975
0.085016
0.05948
0.121798
0.095042
0.088218
0.120902
0.063556
0.080242
0.081601
0.057459
0.107958
0.080164
0.092944
0.084559
0.09918
0.072923
0.086775
0.095521
0.077222
0.124452
0.082825
0.068894
0.063028
0.080089
0.09999
0.076572
0.078541
0.060016
0.071482
0.079332
0.09208
0.072242
0.055004
0.108743
0.106334
0.070471
0.05571
0.072198
0.092859
0.0656
0.057012
0.0718
0.093975
0.091504
0.064388
0.078991
0.061773
0.05596
0.070363
0.066276
0.053873
0.072875
0.076055
0.069029
0.059496
0.053945
0.06462
0.119274
0.078828
0.086575
0.110334
0.078315
0.112434
0.106426
0.081149
0.095459
0.121
0.076539
0.055148
0.090832
0.126057
0.096345
0.064235
0.055294
0.09516
0.066394
0.061141
0.070577
0.056736
0.056155
0.060264
0.052742
0.069821
0.063446
0.064883
0.056142
0.129835
0.094561
0.065326
0.052161
0.077384
0.066186
0.065404
0.053637
0.064972
0.097163
0.065996
0.093534
0.130062
0.101733
0.049085
0.066746
0.071131
0.114286
0.100223
0.127765
0.11297
0.07548
0.114141
0.101673
0.088677
0.062654
0.089727
0.073312
0.062959
0.054376
0.053866
0.077171
0.085066
0.060286
0.097614
0.101163
0.064097
0.070753
0.093476
0.087975
0.130044
0.09243
0.069114
0.076587
0.107399
0.111914
0.108536
0.074938
0.104026
0.085615
0.108987
0.08702
0.050865
0.084301
0.077922
0.105238
0.06215
0.078816
0.10917
0.075194
0.08286
0.080926
0.063465
0.097246
0.061015
0.090212
0.081134
0.106524
0.078212
0.110841
0.086668
0.091262
0.078218
0.088135
0.091171
0.087342
0.059601
0.131644
0.094767
0.081487
0.095568
0.081379
0.05882
0.092918
0.087161
0.057034
0.053912
0.053193
0.065839
0.117494
0.085864
0.129394
0.084255
0.117748
0.081841
0.089871
0.073249
0.063416
0.054639
0.090877
0.079756
0.056702
0.108664
0.099832
0.101558
0.110666
0.105051
0.090097
0.069216
0.102566
0.108793
0.094787
0.117979
0.110813
0.097671
0.103242
0.08163
0.061092
0.061665
0.066099
0.104287
0.090552
0.12965
0.081338
0.059667
0.078586
0.099591
0.075146
0.126407
0.120179
0.081151
0.054919
0.102003
0.062638
0.13015
0.052719
0.082899
0.112044
0.096681
0.065485
0.067417
0.054953
0.056963
0.100016
0.077409
0.081611
0.079019
0.087908
0.103951
0.099712
0.103318
0.129784
0.120686
0.084938
0.074237
0.057679
0.086486
0.084389
0.057141
0.098671
0.053888
0.091614
0.076036
0.104074
0.095531
0.075848
0.061359
0.101229
0.096427
0.083918
0.058414
0.082516
0.073446
0.079639
0.07103
0.083469
0.072275
0.078968
0.054363
0.06093
0.103297
0.080764
0.065504
0.09783
0.098049
0.064408
0.093627
0.081886
0.103069
0.092096
0.132083
0.082108
0.068527
0.077745
0.101437
0.090174
0.061222
0.076313
0.128992
0.086238
0.079409
0.094943
0.062616
0.0533
0.095435
0.084088
0.102374
0.05958
0.066037
0.097655
0.086484
0.057554
0.085218
0.098888
0.066577
0.107248
0.089275
0.102888
0.076735
0.0878
0.075153
0.092626
0.084286
0.07273
0.060157
0.077429
0.08514
0.05417
0.095725
0.065251
0.071757
0.076522
0.090983
0.067842
0.09329
0.123629
0.10393
0.07793
0.087377
0.068219
0.11138
0.106532
0.096914
0.100427
0.078583
0.058936
0.070792
0.096155
0.092013
0.097651
0.075272
0.108296
0.088017
0.103672
0.076178
0.089962
0.057161
0.06592
0.054099
0.094768
0.058236
0.106028
0.11148
0.063828
0.06512
0.078672
0.075398
0.126053
0.10454
0.096853
0.091359
0.099324
0.079208
0.057832
0.078091
0.060373
0.089832
0.061821
0.053467
0.068166
0.130905
0.12151
0.077866
0.110118
0.129489
0.105318
0.086018
0.087063
0.090032
0.086972
0.065692
0.063168
0.049039
0.050923
0.051903
0.052189
0.051081
0.051671
0.049432
0.051227
0.057728
0.114219
0.047884
0.05205
0.055662
0.050706
0.052772
0.05838
0.080603
0.047799
0.04993
0.054464
0.05055
0.052469
0.05139
0.051691
0.054873
0.066714
0.058035
0.062058
0.055637
0.056339
0.060019
0.055225
0.054818
0.060414
0.050853
0.101028
0.050929
0.051465
0.050376
0.05387
0.053585
0.050605
0.051654
0.047227
0.050304
0.056635
0.059963
0.092642
0.085387
0.068596
0.066872
0.071987
0.086173
0.05677
0.067728
0.070737
0.115401
0.094554
0.05814
0.100464
0.111011
0.062836
0.108866
0.111889
0.076555
0.055535
0.066979
0.061076
0.042245
0.129815
0.079615
0.067877
0.069874
0.089833
0.078876
0.113951
0.088124
0.055297
0.04788
0.083406
0.073293
0.087237
0.106234
0.080803
0.054113
0.089801
0.060728
0.060137
0.060366
0.068262
0.112114
0.059295
0.078241
0.066643
0.066072
0.052654
0.093838
0.067292
0.0555
0.106556
0.067259
0.08609
0.062564
0.058458
0.053644
0.119453
0.072717
0.068182
0.060462
0.050771
0.108463
0.080227
0.058604
0.092317
0.057435
0.055858
0.100769
0.057669
0.062331
0.096797
0.068152
0.099167
0.073223
0.086311
0.059029
0.095559
0.053407
0.121145
0.076541
0.079933
0.101699
0.070013
0.070707
0.09971
0.119878
0.125446
0.091401
0.08819
0.090504
0.090265
0.063593
0.055957
0.070804
0.106365
0.07916
0.104381
0.090301
0.081168
0.088295
0.071261
0.06428
0.055755
0.097921
0.097876
0.086552
0.088575
0.053973
0.097208
0.057575
0.055124
0.121814
0.058733
0.130449
0.10776
0.112963
0.094546
0.061786
0.066657
0.042459
0.090606
0.122036
0.075238
0.128181
0.115158
0.092912
0.070233
0.071968
0.052533
0.063825
0.063315
0.054699
0.065503
0.106605
0.089182
0.129082
0.076296
0.079812
0.093472
0.075744
0.091779
0.061985
0.07771
0.062623
0.1235
0.096739
0.064441
0.062625
0.057491
0.052522
0.065233
0.065976
0.088662
0.088707
0.072767
0.068378
0.061653
0.055083
0.074121
0.101076
0.070332
0.068468
0.099462
0.074377
0.048347
0.103845
0.071128
0.054289
0.091
0.064985
0.068364
0.101423
0.064929
0.092095
0.050042
0.113364
0.072737
0.066736
0.054343
0.084095
0.096511
0.066204
0.055656
0.122153
0.091626
0.118111
0.063801
0.066397
0.082741
0.069587
0.084331
0.069778
0.092486
0.064235
0.052738
0.061408
0.068875
0.050788
0.092073
0.066256
0.079906
0.055908
0.090352
0.080397
0.068447
0.11187
0.108478
0.099108
0.091016
0.05598
0.07121
0.092636
0.051862
0.057927
0.098213
0.061711
0.068067
0.082293
0.054778
0.103537
0.062321
0.085815
0.066008
0.076636
0.065542
0.091667
0.067546
0.049129
0.109223
0.067304
0.054343
0.10563
0.106259
0.074197
0.127695
0.127595
0.067952
0.059476
0.112229
0.066035
0.058788
0.088154
0.105916
0.098942
0.078271
0.071966
0.087467
0.092364
0.09244
0.06425
0.102538
0.063324
0.069633
0.054513
0.092185
0.072584
0.118001
0.077547
0.062916
0.083059
0.056227
0.097437
0.096031
0.121464
0.071541
0.066966
0.102201
0.095533
0.109658
0.092203
0.066324
0.063866
0.105464
0.086625
0.089184
0.063549
0.055537
0.133877
0.056615
0.053025
0.061313
0.118965
0.065354
0.083234
0.064186
0.088809
0.106511
0.090551
0.101187
0.060005
0.050335
0.064926
0.073474
0.077752
0.057057
0.077522
0.051794
0.055119
0.054423
0.061208
0.052167
0.068697
0.052312
0.085855
0.073846
0.09016
0.055551
0.064144
0.065274
0.098446
0.098364
0.076558
0.06873
0.086586
0.06672
0.072032
0.057187
0.059249
0.089567
0.064109
0.064874
0.052981
0.077342
0.053189
0.092831
0.084074
0.092533
0.070391
0.059881
0.109488
0.101054
0.059907
0.085158
0.071111
0.062339
0.059138
0.09661
0.112267
0.085737
0.092374
0.093344
0.064254
0.06563
0.109777
0.081233
0.065241
0.121273
0.095249
0.071682
0.057769
0.07828
0.07806
0.085698
0.074713
0.056655
0.064534
0.053428
0.099214
0.075199
0.072643
0.055819
0.054609
0.087167
0.09114
0.098055
0.064338
0.101485
0.097516
0.102027
0.055565
0.077246
0.078719
0.06206
0.106793
0.061708
0.083786
0.097134
0.097767
0.082215
0.092423
0.062839
0.086542
0.054559
0.074918
0.086899
0.070933
0.104772
0.107425
0.110249
0.122804
0.080078
0.083868
0.071192
0.098696
0.090222
0.095733
0.063833
0.065704
0.063035
0.059823
0.053437
0.109095
0.112109
0.077227
0.075192
0.090596
0.076205
0.059787
0.06408
0.092714
0.097013
0.083498
0.088984
0.053963
0.099934
0.087409
0.09647
0.070877
0.090953
0.082059
0.056815
0.053215
0.08659
0.075013
0.102038
0.06798
0.100454
0.084874
0.087308
0.107555
0.096913
0.076013
0.098018
0.07158
0.084423
0.118668
0.085772
0.094535
0.051093
0.097693
0.087031
0.086857
0.073189
0.052962
0.095122
0.059464
0.065264
0.05478
0.107063
0.083708
0.088012
0.10868
0.069594
0.07522
0.05309
0.053828
0.055522
0.054218
0.082298
0.072589
0.078035
0.054479
0.074471
0.093152
0.06536
0.052357
0.080874
0.074315
0.054928
0.111539
0.064624
0.058973
0.111899
0.099606
0.060047
0.063609
0.098903
0.098025
0.077169
0.054235
0.126483
0.110773
0.07694
0.086945
0.056658
0.0809
0.054662
0.09296
0.074547
0.104963
0.089953
0.061918
0.082351
0.057679
0.085378
0.072865
0.063354
0.128173
0.080407
0.082274
0.068958
0.0614
0.104012
0.127845
0.100447
0.077118
0.089592
0.071251
0.053285
0.06389
0.05463
0.059971
0.078071
0.053779
0.106667
0.12794
0.074451
0.069781
0.101051
0.127674
0.086836
0.106789
0.078212
0.064319
0.07539
0.06527
0.059616
0.049713
0.092873
0.065582
0.067253
0.086235
0.085792
0.092027
0.118279
0.099724
0.076845
0.103362
0.099283
0.07765
0.092113
0.071767
0.078032
0.116444
0.115682
0.093773
0.087161
0.0535
0.054019
0.071253
0.09427
0.064058
0.071409
0.055944
0.051491
0.11135
0.085782
0.07868
0.064422
0.072557
0.091771
0.067341
0.052804
0.090072
0.12723
0.079247
0.080229
0.062626
0.114658
0.086131
0.052091
0.103867
0.092204
0.09759
0.098455
0.072263
0.067671
0.075324
0.058287
0.060185
0.053388
0.06757
0.054668
0.093981
0.077452
0.062925
0.080017
0.067116
0.084807
0.095657
0.092609
0.128324
0.090878
0.076593
0.120573
0.075819
0.05167
0.084655
0.055307
0.074296
0.054801
0.052465
0.070651
0.079454
0.063398
0.10337
0.068114
0.052454
0.087093
0.096414
0.066829
0.076698
0.052445
0.05443
0.10694
0.090329
0.102466
0.107791
0.071754
0.061935
0.051074
0.060689
0.082945
0.096039
0.099776
0.108128
0.076491
0.085886
0.057797
0.104122
0.059041
0.070941
0.064664
0.091903
0.075518
0.071516
0.067891
0.083813
0.078333
0.091164
0.100312
0.08112
0.093174
0.072465
0.058064
0.083019
0.054048
0.07628
0.081432
0.09562
0.062019
0.094559
0.067235
0.089097
0.080213
0.097104
0.082814
0.091959
0.095584
0.063875
0.068411
0.092578
0.085678
0.077392
0.118986
0.095536
0.089567
0.128169
0.108622
0.1037
0.063222
0.092393
0.075502
0.093376
0.078938
0.059564
0.127052
0.068026
0.094058
0.066509
0.060656
0.080189
0.055624
0.128627
0.079131
0.076639
0.073152
0.074396
0.094861
0.086848
0.081925
0.066888
0.110868
0.092674
0.075967
0.076621
0.051587
0.052923
0.104071
0.075439
0.083338
0.087067
0.0821
0.057064
0.079383
0.056613
0.07783
0.066706
0.097529
0.086358
0.061904
0.068392
0.07578
0.079508
0.06322
0.060672
0.062203
0.072083
0.080811
0.080431
0.079083
0.109521
0.071256
0.073309
0.080804
0.053545
0.058639
0.08225
0.086792
0.050503
0.08606
0.086508
0.055487
0.066576
0.06894
0.075076
0.101672
0.070433
0.059697
0.076182
0.077853
0.124186
0.089816
0.098481
0.084424
0.082311
0.09826
0.065108
0.059573
0.078672
0.06997
0.064114
0.07896
0.071023
0.060063
0.094382
0.08352
0.071916
0.123809
0.118407
0.080252
0.073326
0.062104
0.062726
0.061485
0.081264
0.108204
0.076937
0.048771
0.05347
0.058987
0.052616
0.063585
0.059801
0.076186
0.084202
0.086914
0.084408
0.05265
0.073435
0.066357
0.127172
0.052757
0.054489
0.098612
0.06362
0.057019
0.052941
0.056077
0.098631
0.082655
0.051624
0.053292
0.094717
0.082448
0.094411
0.081259
0.073914
0.084769
0.082128
0.053093
0.070143
0.090348
0.107327
0.088813
0.076886
0.068277
0.052112
0.089519
0.074558
0.071077
0.079144
0.080548
0.087121
0.06321
0.109047
0.065948
0.053375
0.104114
0.083523
0.062566
0.054306
0.07917
0.052298
0.078259
0.053125
0.12691
0.110384
0.068917
0.095896
0.097628
0.095809
0.068326
0.124174
0.062916
0.076209
0.073831
0.061779
0.108278
0.056768
0.065444
0.096736
0.076777
0.05403
0.053812
0.126939
0.076539
0.100409
0.096078
0.122865
0.094985
0.102948
0.06829
0.107593
0.068138
0.085985
