0.006625
0.001053
0.000806
0.000822
0.000719
0.001135
0.001007
0.000922
0.001325
0.001139
0.000928
0.001085
0.001974
0.00122
0.000646
0.001052
0.001144
0.000414
0.001068
0.000891
0.001815
0.001115
0.000794
0.000604
0.000987
0.000929
0.000813
0.000872
0.000866
0.000712
0.00085
0.000816
0.001045
0.001061
0.000664
0.000765
0.000694
0.000652
0.000792
0.001112
0.001365
0.000635
0.000516
0.000937
0.000967
0.000537
0.000585
0.001062
0.000666
0.001449
0.001048
0.00093
0.000851
0.000925
0.000998
0.001252
0.000553
0.000631
0.00062
0.000512
0.000434
0.000572
0.000574
0.000684
0.000712
0.000668
0.000857
0.000997
0.000867
0.000541
0.000481
0.000527
0.00066
0.001079
0.00109
0.001038
0.000682
0.000821
0.001361
0.000913
0.000964
0.001524
0.000769
0.000898
0.001106
0.001099
0.000952
0.000745
0.001345
0.000834
0.000943
0.000792
0.00091
0.000869
0.001079
0.001168
0.000952
0.001016
0.001147
0.001233
0.001303
0.000552
0.00053
0.000563
0.000567
0.001112
0.00044
0.000975
0.000898
0.001243
0.001025
0.000925
0.001067
0.00076
0.000925
0.000812
0.000932
0.001068
0.000709
0.000585
0.00066
0.00093
0.000926
0.000759
0.001019
0.00076
0.000886
0.000696
0.001074
0.000616
0.000923
0.001213
0.001111
0.001004
0.000704
0.000921
0.000959
0.000998
0.000827
0.001138
0.00112
0.001013
0.000747
0.001091
0.001807
0.000872
0.000942
0.001021
0.001131
0.001255
0.000924
0.001082
0.000955
0.001077
0.001158
0.00086
0.000752
0.000783
0.000794
0.000695
0.000857
0.000923
0.000881
0.000735
0.000849
0.000858
0.001091
0.001189
0.000967
0.000783
0.000751
0.001088
0.000937
0.000989
0.001027
0.000661
0.000823
0.000924
0.000948
0.000734
0.000859
0.000869
0.00071
0.000884
0.001144
0.000877
0.000834
0.000926
0.000809
0.001059
0.001176
0.000793
0.00088
0.001032
0.001143
0.001155
0.000733
0.000915
0.001019
0.000857
0.000811
0.001031
0.001047
0.001118
0.000888
0.000831
0.001128
0.000979
0.001477
0.000905
0.001078
0.000885
0.000906
0.000936
0.001367
0.001001
0.000837
0.000809
0.000836
0.000949
0.001006
0.000444
0.001225
0.000738
0.000447
0.000623
0.000719
0.000528
0.000477
0.000658
0.001072
0.000777
0.000726
0.000585
0.000509
0.000481
0.00058
0.000521
0.000536
0.000433
0.000852
0.000755
0.000957
0.000762
0.00092
0.000672
0.000571
0.001013
0.000867
0.000692
0.001057
0.001144
0.001021
0.001051
0.00112
0.001078
0.001075
0.00097
0.001148
0.000497
0.0006
0.000479
0.00076
0.000777
0.001647
0.00117
0.000695
0.000951
0.000742
0.000511
0.000509
0.000817
0.000578
0.000907
0.000595
0.000922
0.000932
0.001009
0.001619
0.00159
0.001369
0.00106
0.000469
0.000619
0.001093
0.00078
0.001059
0.001189
0.000802
0.000637
0.001131
0.001085
0.00078
0.001158
0.000503
0.000495
0.00055
0.000584
0.000595
0.000547
0.000522
0.001124
0.000994
0.001666
0.001262
0.000917
0.000811
0.000675
0.000976
0.000762
0.001272
0.000881
0.00121
0.00082
0.001234
0.001157
0.001057
0.00076
0.001035
0.00095
0.000986
0.001
0.00136
0.001123
0.000956
0.001177
0.000774
0.000571
0.000608
0.000644
0.000761
0.000934
0.001035
0.001527
0.000713
0.000529
0.001025
0.000576
0.000912
0.000445
0.000682
0.000874
0.001144
0.000549
0.000587
0.000416
0.000852
0.00113
0.000746
0.00098
0.000679
0.000691
0.000674
0.000668
0.000897
0.000874
0.000934
0.000653
0.0008
0.000945
0.000951
0.001027
0.001093
0.000929
0.001046
0.000921
0.001117
0.001095
0.000839
0.000926
0.000978
0.001048
0.000668
0.001401
0.000555
0.0004
0.00097
0.000621
0.000584
0.00108
0.000491
0.00088
0.000637
0.000711
0.000949
0.000728
0.00115
0.000938
0.000857
0.001012
0.000787
0.001328
0.000918
0.000617
0.000562
0.000652
0.000674
0.000483
0.000491
0.000481
0.000444
0.000513
0.000522
0.000832
0.000743
0.000517
0.000479
0.000393
0.000438
0.000678
0.001098
0.001043
0.000914
0.000725
0.001031
0.000809
0.000839
0.000716
0.001425
0.000633
0.000758
0.000815
0.000675
0.000878
0.00073
0.000686
0.000789
0.000734
0.000607
0.000666
0.000981
0.00042
0.000473
0.000453
0.000673
0.000686
0.000682
0.000668
0.001288
0.000681
0.000683
0.000687
0.001418
0.001752
0.000549
0.001768
0.000634
0.000578
0.001145
0.000711
0.00108
0.000869
0.001262
0.000977
0.001019
0.001038
0.00101
0.001016
0.000905
0.001134
0.00108
0.001301
0.000694
0.000533
0.00086
0.000818
0.001165
0.000735
0.000761
0.001173
0.000937
0.001154
0.000936
0.001046
0.001126
0.001159
0.001141
0.000816
0.00126
0.000536
0.000456
0.000449
0.001147
0.001281
0.001231
0.000878
0.001034
0.000869
0.000835
0.001232
0.000958
0.000887
0.001051
0.000984
0.000941
0.001095
0.000865
0.000548
0.000594
0.00093
0.001034
0.000551
0.000646
0.000415
0.000454
0.00068
0.000507
0.000471
0.000459
0.000567
0.000642
0.001161
0.001008
0.000858
0.000849
0.000974
0.000667
0.000803
0.000594
0.000457
0.000463
0.000478
0.001094
0.000773
0.000823
0.000934
0.000952
0.000643
0.00062
0.000438
0.000741
0.001075
0.000725
0.001083
0.001054
0.000817
0.001026
0.000924
0.001067
0.001114
0.001192
0.001141
0.000874
0.000992
0.00117
0.000845
0.000957
0.00108
0.000992
0.00105
0.001031
0.001048
0.000859
0.000806
0.000889
0.001016
0.001076
0.000985
0.000817
0.000979
0.000971
0.001126
0.000757
0.00082
0.00067
0.000846
0.000753
0.001004
0.001348
0.000811
0.000855
0.000812
0.000707
0.001986
0.000887
0.000682
0.000683
0.000779
0.001033
0.001079
0.000818
0.000785
0.000734
0.000825
0.001875
0.001287
0.000859
0.000596
0.000613
0.000845
0.000874
0.001146
0.001207
0.001013
0.001
0.00088
0.001015
0.001292
0.001102
0.000859
0.000834
0.001096
0.000858
0.000813
0.001204
0.000902
0.00087
0.000842
0.000751
0.000829
0.000792
0.001013
0.000995
0.000769
0.000857
0.001089
0.000802
0.000845
0.000958
0.00075
0.001109
0.00093
0.00057
0.000542
0.00059
0.001179
0.001258
0.001013
0.001007
0.000862
0.000698
0.000687
0.000609
0.000791
0.000921
0.001203
0.001137
0.000711
0.000761
0.000689
0.00106
0.000857
0.000904
0.001411
0.000647
0.006038
0.000615
0.001368
0.000909
0.000805
0.000993
0.001007
0.001031
0.000749
0.001065
0.00048
0.000827
0.00089
0.000806
0.000846
0.000672
0.000473
0.000788
0.000717
0.00085
0.000763
0.000759
0.000916
0.000933
0.000746
0.000773
0.000918
0.000604
0.00039
0.000472
0.000547
0.000529
0.000565
0.000553
0.00071
0.000522
0.000453
0.000369
0.00057
0.000624
0.000749
0.000635
0.000565
0.000407
0.000916
0.000928
0.00076
0.000735
0.000685
0.001459
0.000495
0.001065
0.000782
0.00095
0.001295
0.001217
0.00086
0.000943
0.000929
0.000912
0.000861
0.000816
0.000868
0.000769
0.000583
0.000522
0.000487
0.000475
0.001083
0.000524
0.00078
0.000701
0.000687
0.000758
0.000713
0.000751
0.000758
0.000778
0.000653
0.001699
0.001833
0.00133
0.000543
0.000722
0.000469
0.000786
0.000879
0.001065
0.000966
0.000804
0.001009
0.000559
0.000736
0.000713
0.001011
0.000867
0.001067
0.001223
0.000728
0.001539
0.00076
0.001639
0.000743
0.000531
0.000824
0.00048
0.001216
0.000565
0.001353
0.001132
0.000661
0.000492
0.000463
0.001125
0.000831
0.001075
0.001107
0.000679
0.000934
0.000643
0.001675
0.001839
0.001119
0.000985
0.00092
0.000975
0.000721
0.000792
0.000868
0.001014
0.001663
0.000573
0.002147
0.000629
0.001133
0.001174
0.001223
0.001207
0.001241
0.001133
0.000824
0.001081
0.001145
0.00109
0.001022
0.000765
0.001017
0.001045
0.000694
0.000776
0.001335
0.000811
0.000909
0.001251
0.001437
0.001297
0.001134
0.001024
0.00103
0.001173
0.000775
0.000913
0.001283
0.00089
0.001369
0.001635
0.00083
0.001395
0.001279
0.00133
0.000894
0.001122
0.001026
0.001095
0.001423
0.000947
0.001065
0.001079
0.001205
0.001108
0.001033
0.000954
0.000959
0.001129
0.001896
0.001069
0.000893
0.000715
0.001265
0.000744
0.000918
0.000855
0.000983
0.000683
0.000738
0.000853
0.00107
0.000733
0.000768
0.001299
0.000897
0.001137
0.000992
0.000969
0.000657
0.00091
0.000917
0.0009
0.001085
0.001233
0.001033
0.000689
0.000977
0.000867
0.001051
0.000686
0.000812
0.000612
0.000642
0.000697
0.001354
0.000775
0.001077
0.000915
0.00104
0.001027
0.001219
0.001008
0.001103
0.000802
0.000992
0.000979
0.000655
0.000549
0.000447
0.000631
0.001026
0.00117
0.001194
0.000959
0.000536
0.00087
0.001026
0.001689
0.001293
0.000925
0.000729
0.000748
0.001081
0.001113
0.001054
0.001057
0.001021
0.001002
0.001036
0.001014
0.000615
0.000574
0.000529
0.00071
0.001565
0.000976
0.000794
0.000741
0.001206
0.001003
0.001101
0.000921
0.000963
0.000875
0.000526
0.000467
0.00117
0.000746
0.001087
0.001041
0.000971
0.001236
0.001004
0.000897
0.001118
0.001355
0.000789
0.000512
0.001121
0.000977
0.001088
0.000954
0.000927
0.000935
0.000856
0.001086
0.000799
0.000892
0.001197
0.001115
0.001083
0.001272
0.00101
0.000926
0.000675
0.000983
0.000841
0.000475
0.000943
0.000593
0.000632
0.000734
0.001115
0.00111
0.001235
0.001222
0.001132
0.00112
0.001038
0.00084
0.001239
0.000823
0.000688
0.000597
0.000967
0.001012
0.001074
0.001043
0.000916
0.000869
0.000795
0.001089
0.000869
0.000865
0.000502
0.00052
0.000694
0.000544
0.000587
0.000863
0.001353
0.000933
0.001035
0.000845
0.000854
0.001169
0.001032
0.001048
0.000917
0.000801
0.001138
0.000932
0.000928
0.001166
0.001058
0.000848
0.00115
0.000682
0.000635
0.000954
0.0013
0.001202
0.000789
0.001446
0.000624
0.000871
0.000823
0.001188
0.001209
0.001081
0.001065
0.000806
0.001224
0.000827
0.001118
0.00107
0.000812
0.001175
0.001165
0.00101
0.000624
0.000652
0.000901
0.001059
0.000978
0.000749
0.000986
0.001133
0.000911
0.000747
0.000474
0.000493
0.000595
0.001212
0.000804
0.000639
0.000787
0.001439
0.001862
0.000951
0.001383
0.000432
0.000596
0.000474
0.001017
0.000652
0.000891
0.001065
0.001184
0.000993
0.001033
0.00095
0.000984
0.001049
0.001071
0.000786
0.000965
0.00089
0.001093
0.001015
0.001017
0.001043
0.000861
0.000903
0.000927
0.001042
0.000881
0.001063
0.00087
0.000843
0.001128
0.000944
0.001124
0.000931
0.00081
0.00106
0.001076
0.001098
0.000978
0.000955
0.000767
0.000865
0.001715
0.000959
0.001046
0.000766
0.000939
0.001011
0.000851
0.001036
0.001424
0.000992
0.001124
0.000862
0.000942
0.000859
0.000862
0.001115
0.00079
0.000995
0.001026
0.000875
0.000982
0.001996
0.00111
0.001148
0.000588
0.001119
0.000966
0.001127
0.000967
0.000866
0.000748
0.000636
0.00064
0.001332
0.000794
0.001334
0.001041
0.001036
0.000963
0.000897
0.001226
0.001136
0.000551
0.000542
0.000729
0.000875
0.000621
0.001028
0.001009
0.001037
0.00078
0.000953
0.000745
0.000849
0.00081
0.001044
0.001516
0.000907
0.001151
0.001138
0.001597
0.000786
0.001373
0.000861
0.000918
0.001067
0.000651
0.001634
0.000708
0.000702
0.000995
0.001216
0.000881
0.001181
0.001312
0.000816
0.000902
0.00123
0.000812
0.000614
0.000808
0.001597
0.001147
0.000758
0.001199
0.00086
0.001136
0.000753
0.001126
0.001071
0.00075
0.000809
0.000644
0.000599
0.000457
0.000474
0.000437
0.000485
0.000462
0.000444
0.000499
0.00064
0.000575
0.000715
0.000484
0.000407
0.000515
0.000577
0.000508
0.000855
0.000987
0.001121
0.000859
0.001148
0.001168
0.001026
0.000871
0.000837
0.000585
0.000891
0.001136
0.001158
0.001219
0.000824
0.001165
0.000947
0.000855
0.001156
0.001025
0.001072
0.001158
0.000669
0.000417
0.001266
0.000388
0.000698
0.00102
0.00113
0.001037
0.001299
0.001014
0.000848
0.000676
0.001065
0.001059
0.000726
0.001145
0.001053
0.001055
0.002735
0.000515
0.001026
0.000802
0.000861
0.000932
0.00095
0.001302
0.001087
0.001123
0.000864
0.001021
0.001471
0.000873
0.001042
0.001212
0.000933
0.001279
0.001023
0.001213
0.000962
0.000829
0.001673
0.000981
0.000975
0.001124
0.000904
0.001107
0.001144
0.001063
0.001135
0.001179
0.001065
0.001233
0.000995
0.001154
0.000937
0.001122
0.001257
0.000983
0.001162
0.000918
0.001125
0.000965
0.000669
0.001109
0.001143
0.000938
0.001162
0.000855
0.000786
0.000683
0.001311
0.001153
0.000935
0.000846
0.000913
0.001111
0.001095
0.001603
0.000927
0.000756
0.001115
0.000718
0.001125
0.000912
0.001493
0.001036
0.001152
0.000852
0.001143
0.001089
0.001279
0.000708
0.000851
0.00067
0.000691
0.000759
0.000856
0.001212
0.001127
0.001033
0.001124
0.000769
0.000932
0.000996
0.000854
0.00106
0.00108
0.000988
0.000933
0.000932
0.001131
0.00105
0.000778
0.000941
0.000796
0.000791
0.00131
0.000996
0.001009
0.000717
0.001193
0.000984
0.000897
0.001115
0.001108
0.001158
0.001067
0.001273
0.001109
0.000977
0.001016
0.001113
0.000969
0.00099
0.000882
0.000773
0.001373
0.000865
0.000953
0.001133
0.001094
0.001368
0.0009
0.00087
0.000953
0.001106
0.0011
0.001173
0.001083
0.000934
0.00085
0.000928
0.001236
0.001055
0.000874
0.00062
0.001177
0.000903
0.000781
0.000702
0.000982
0.000804
0.001081
0.000824
0.000417
0.00047
0.001088
0.001078
0.000774
0.000908
0.000711
0.000827
0.001206
0.001097
0.001092
0.001603
0.000598
0.001062
0.000915
0.00214
0.000942
0.0008
0.001182
0.000974
0.000706
0.001005
0.000667
0.000828
0.000548
0.000482
0.001085
0.000699
0.001087
0.001291
0.001258
0.001635
0.000986
0.000813
0.00099
0.000894
0.000938
0.001219
0.000796
0.000854
0.000918
0.000917
0.000934
0.001008
0.001293
0.001033
0.001283
0.000914
0.000501
0.000661
0.000491
0.000881
0.001315
0.000858
0.000809
0.000658
0.001017
0.001006
0.001
0.001066
0.001183
0.001045
0.000759
0.000949
0.001002
0.000973
0.001139
0.001044
0.001053
0.000798
0.001102
0.001218
0.000971
0.001266
0.001143
0.00109
0.001127
0.001186
0.001285
0.000823
0.000878
0.00087
0.001125
0.001055
0.001049
0.001052
0.00077
0.001034
0.00083
0.000589
0.000647
0.00098
0.000867
0.000742
0.00089
0.000853
0.001697
0.000792
0.001105
0.001107
0.001427
0.000896
0.000765
0.000661
0.001175
0.001033
0.000869
0.001137
0.000685
0.000812
0.001128
0.000889
0.000988
0.000963
0.001001
0.001333
0.000779
0.00099
0.000763
0.001529
0.000987
0.001032
0.00098
0.000817
0.000695
0.001097
0.000765
0.001002
0.000793
0.001245
0.001101
0.000689
0.000698
0.001198
0.001188
0.000926
0.001013
0.001154
0.001352
0.000926
0.001049
0.000972
0.001203
0.00138
0.001039
0.000868
0.001393
0.001113
0.001191
0.001159
0.000867
0.000866
0.001005
0.00069
0.000646
0.000666
0.0009
0.000872
0.00123
0.001087
0.001094
0.000981
0.000783
0.001046
0.000855
0.00116
0.000633
0.001059
0.000931
0.001142
0.000842
0.001223
0.00115
0.001067
0.000734
0.001086
0.000841
0.000924
0.001414
0.000852
0.001141
0.001051
0.001165
0.001154
0.00107
0.000768
0.001243
0.001293
0.001196
0.001228
0.000759
0.000807
0.001096
0.001166
0.00117
0.000975
0.001048
0.001058
0.000926
0.000965
0.000995
0.000792
0.00077
0.001091
0.000827
0.000645
0.00087
0.0007
0.000778
0.000813
0.000929
0.000829
0.001224
0.001079
0.000859
0.000904
0.00086
0.000855
0.000829
0.000775
0.00098
0.000892
0.000914
0.000926
0.000841
0.001173
0.001038
0.00113
0.000764
0.000943
0.000942
0.001043
0.000716
0.001031
0.000539
0.000751
0.001186
0.001044
0.00082
0.000838
0.00068
0.001277
0.000974
0.000674
0.000825
0.000914
0.00064
0.000773
0.000918
0.000538
0.000834
0.000843
0.001075
0.001054
0.000777
0.001205
0.000845
0.001733
0.000994
0.000881
0.001128
0.000883
0.001251
0.001174
0.000726
0.000963
0.000821
0.001024
0.001112
0.001175
0.000634
0.000983
0.000868
0.000808
0.000987
0.000886
0.001374
0.000835
0.001211
0.00087
0.000734
0.000877
0.00092
0.000976
0.001037
0.000856
0.000953
0.001634
0.000902
0.001748
0.001052
0.000892
0.000785
0.001126
0.001189
0.001181
0.000821
0.000998
0.001056
0.00111
0.000868
0.001156
0.000971
0.001007
0.001199
0.000964
0.000759
0.000594
0.00094
0.000959
0.001252
0.000916
0.001054
0.001112
0.000857
0.001028
0.000985
0.000954
0.001037
0.000942
0.000718
0.000744
0.001073
0.001101
0.001376
0.000859
0.000804
0.000929
0.001323
0.001202
0.001158
0.000925
0.001199
0.001223
0.001247
0.00106
0.000991
0.001125
0.00147
0.001159
0.001376
0.001404
0.000824
0.001111
0.001093
0.00087
0.001093
0.001123
0.000925
0.001104
0.000963
0.001185
0.001018
0.00115
0.001116
0.000672
0.00064
0.000672
0.001249
0.001134
0.001296
0.000942
0.001071
0.000801
0.000913
0.000838
0.001028
0.001304
0.001156
0.000678
0.001174
0.001133
0.000799
0.000754
0.000864
0.000965
0.00124
0.000979
0.000844
0.001073
0.000824
0.000679
0.000785
0.001229
0.001618
0.000858
0.001027
0.000941
0.001018
0.001109
0.000854
0.000982
0.00103
0.001014
0.000746
0.000551
0.000848
0.000945
0.001043
0.001207
0.001101
0.000516
0.000689
0.000484
0.001138
0.001123
0.001053
0.000955
0.001234
0.00091
0.000995
0.001175
0.001329
0.000692
0.000632
0.000788
0.000988
0.00084
0.000772
0.000844
0.000938
0.001448
0.001145
0.001549
0.001088
0.001286
0.001091
0.000865
0.001092
0.000979
0.000755
0.000656
0.000877
0.000772
0.000923
0.000874
0.000821
0.001258
0.000998
0.001172
0.000926
0.001057
0.000699
0.000844
0.000593
0.000617
0.001182
0.000773
0.000894
0.000851
0.000841
0.000713
0.000911
0.000857
0.000953
0.000683
0.000663
0.000668
0.000678
0.000668
0.000649
0.000656
0.000581
0.000579
0.000498
0.000592
0.000608
0.00057
0.000653
0.000564
0.000451
0.001056
0.001166
0.000877
0.00129
0.001021
0.000919
0.000861
0.000916
0.000859
0.001012
0.000801
0.000491
0.001177
0.001084
0.000991
0.000843
0.000738
0.000948
0.000847
0.000602
0.000563
0.00053
0.00076
0.000731
0.001175
0.001227
0.00096
0.00103
0.000554
0.000482
0.000453
0.000843
0.000892
0.001276
0.000884
0.000958
0.001071
0.000841
0.001193
0.001087
0.00093
0.001295
0.002759
0.000956
0.001025
0.000918
0.0005
0.001493
0.000921
0.000902
0.001495
0.000777
0.000663
0.000427
0.00117
0.00122
0.000912
0.001104
0.000868
0.001098
0.001305
0.000749
0.00086
0.00094
0.001042
0.000674
0.001062
0.001336
0.00137
0.000852
0.000744
0.000683
0.000543
0.000971
0.000927
0.000583
0.000892
0.000999
0.000642
0.000752
0.000915
0.000769
0.000472
0.000783
0.001103
0.00067
0.001138
0.001073
0.000425
0.000695
0.000978
0.000991
0.00093
0.001152
0.001169
0.001225
0.000922
0.001095
0.001116
0.000911
0.000962
0.00092
0.000799
0.001283
0.000792
0.000938
0.001145
0.001007
0.000459
0.000808
0.000849
0.00073
0.001022
0.001284
0.001146
0.001085
0.000941
0.001
0.001114
0.001183
0.000953
0.000986
0.000996
0.001063
0.000804
0.001339
0.000856
0.00094
0.000795
0.001035
0.000785
0.001009
0.001071
0.001148
0.000906
0.001189
0.00046
0.000706
0.000553
0.001308
0.000894
0.001073
0.001011
0.000903
0.001077
0.001187
0.000977
0.000725
0.001112
0.000786
0.001225
0.001252
0.000716
0.000646
0.000915
0.000789
0.00064
0.001289
0.00102
0.000954
0.000896
0.000791
0.001083
0.001047
0.001159
0.000876
0.001072
0.001231
0.001066
0.001102
0.000849
0.001219
0.000964
0.000939
0.000768
0.000814
0.001282
0.000974
0.001053
0.000937
0.001005
0.000739
0.000847
0.000708
0.001279
0.001083
0.001212
0.001076
0.000842
0.000894
0.001137
0.000937
0.000937
0.000883
0.00086
0.001156
0.001139
0.001115
0.000933
0.001231
0.000873
0.00089
0.000979
0.001196
0.000973
0.001035
0.000763
0.00102
0.001015
0.001236
0.000934
0.000997
0.00123
0.001409
0.000972
0.001102
0.001031
0.000799
0.001076
0.000922
0.000673
0.000873
0.000849
0.001067
0.000958
0.001177
0.001134
0.001014
0.000702
0.000705
0.000487
0.001111
0.000934
0.000699
0.000642
0.001122
0.000804
0.000941
0.001162
0.001045
0.001061
0.000791
0.001123
0.000952
0.000796
0.000737
0.001174
0.000902
0.000964
0.000935
0.001684
0.001108
0.001001
0.001446
0.000984
0.001088
0.001017
0.001159
0.000854
0.000938
0.001177
0.001075
0.000885
0.000545
0.000885
0.001056
0.00116
0.001186
0.000792
0.000577
0.001222
0.001095
0.001126
0.000902
0.000817
0.000715
0.001131
0.000985
0.000905
0.001002
0.000918
0.001016
0.001025
0.000851
0.000981
0.000869
0.00063
0.001165
0.001001
0.000804
0.000774
0.000999
0.00075
0.000968
0.00095
0.000981
0.000928
0.001041
0.001052
0.00087
0.00119
0.001094
0.001105
0.000938
0.001504
0.001465
0.000811
0.000808
0.001017
0.001034
0.001055
0.001157
0.001444
0.001265
0.001248
0.001229
0.001197
0.000841
0.001026
0.000828
0.000675
0.000683
0.000714
0.000995
0.000566
0.000469
0.000462
0.000652
0.0005
0.000472
0.001077
0.000869
0.000529
0.000484
0.000525
0.000437
0.001348
0.001565
0.001044
0.001389
0.000925
0.001025
0.000839
0.000861
0.001028
0.000624
0.000621
0.000645
0.000431
0.000446
0.000822
0.001031
0.000747
0.001163
0.000589
0.000492
0.000987
0.000947
0.000772
0.00049
0.001061
0.000982
0.000495
0.000992
0.000679
0.000527
0.000826
0.000545
0.001025
0.000791
0.000843
0.000977
0.001108
0.001171
0.00093
0.001173
0.001169
0.001058
0.00103
0.000831
0.001044
0.001408
0.000854
0.001168
0.000901
0.000866
0.000927
0.000494
0.000965
0.000565
0.000898
0.001117
0.000707
0.000897
0.001037
0.000871
0.001057
0.001029
0.001201
0.000908
0.001039
0.000457
0.000582
0.000948
0.000996
0.00147
0.001102
0.000954
0.001175
0.001163
0.000999
0.000986
0.001431
0.0016
0.000809
0.000938
0.000856
0.000756
0.001066
0.000871
0.000874
0.000865
0.000996
0.001017
0.00077
0.000931
0.000966
0.001118
0.000615
0.000652
0.000798
0.000964
0.000983
0.000881
0.000823
0.001102
0.000949
0.001159
0.000642
0.00102
0.000847
0.0012
0.001051
0.00107
0.001059
0.001194
0.001112
0.000498
0.001079
0.00079
0.00053
0.00075
0.001206
0.000867
0.000809
0.000703
0.000917
0.00113
0.000854
0.001028
0.001198
0.001123
0.000918
0.000859
0.00097
0.001067
0.000792
0.001141
0.000573
0.001175
0.000935
0.000937
0.0011
0.00096
0.001274
0.001174
0.000637
0.001032
0.000955
0.000653
0.000793
0.000784
0.0012
0.001107
0.001009
0.000981
0.001068
0.001318
0.000485
0.001857
0.000456
0.000654
0.000981
0.001171
0.000714
0.001197
0.000801
0.001076
0.001276
0.000972
0.001213
0.001018
0.00106
0.001049
0.001177
0.001163
0.001165
0.000974
0.000896
0.000877
0.000754
0.000993
0.000624
0.000427
0.000959
0.001493
0.000837
0.001018
0.000837
0.000668
0.001178
0.000954
0.001084
0.001012
0.000765
0.000914
0.001075
0.000686
0.001128
0.001036
0.000959
0.001027
0.000962
0.001203
0.001052
0.001291
0.000845
0.001059
0.001158
0.001128
0.001029
0.001091
0.00111
0.001094
0.001054
0.001108
0.001034
0.000819
0.000711
0.000994
0.000838
0.000678
0.001013
0.000858
0.001126
0.000858
0.001172
0.001822
0.001032
0.001066
0.001003
0.00107
0.000754
0.001057
0.000995
0.001226
0.001023
0.001073
0.001135
0.001087
0.000975
0.001081
0.0008
0.00102
0.001048
0.001103
0.000942
0.000995
0.001034
0.000943
0.001076
0.001066
0.00095
0.001153
0.00113
0.000913
0.000862
0.000949
0.00109
0.000966
0.00103
0.001187
0.001091
0.001103
0.000703
0.000612
0.000736
0.000883
0.000906
0.001043
0.000813
0.001125
0.000737
0.0008
0.000813
0.000923
0.000899
0.000929
0.000934
0.001172
0.001083
0.001106
0.000754
0.000775
0.001179
0.001036
0.001145
0.000863
0.000979
0.000671
0.000962
0.000976
0.000725
0.000718
0.001004
0.001326
0.000731
0.001002
0.000785
0.000914
0.001102
0.000791
0.000774
0.001229
0.000945
0.001102
0.001432
0.000986
0.000859
0.001073
0.00104
0.001093
0.001026
0.000853
0.001016
0.000947
0.000759
0.00054
0.000907
0.001015
0.001402
0.00101
0.001183
0.001121
0.001151
0.001158
0.001322
0.00118
0.001113
0.001124
0.000617
0.001194
0.001107
0.000924
0.000803
0.000835
0.001145
0.001181
0.001067
0.000975
0.001006
0.00114
0.000942
0.001035
0.001033
0.00123
0.000982
0.000924
0.000867
0.000898
0.00097
0.000778
0.000999
0.000899
0.000978
0.00107
0.000937
0.001208
0.000925
0.000893
0.001156
0.001037
0.001127
0.00094
0.000993
0.000944
0.000894
0.000977
0.000861
0.001319
0.00167
0.001004
0.00113
0.001195
0.000863
0.001161
0.000904
0.001139
0.00114
0.001086
0.000748
0.000873
0.000764
0.00073
0.001061
0.001153
0.001005
0.001037
0.000943
0.000936
0.001117
0.00094
0.001019
0.000885
0.001393
0.000746
0.000876
0.00097
0.001219
0.001092
0.000958
0.000948
0.000902
0.001194
0.000851
0.001009
0.001007
0.000994
0.00093
0.000903
0.000935
0.001195
0.00086
0.001133
0.000923
0.000998
0.001197
0.000837
0.001035
0.000748
0.000946
0.001224
0.001155
0.00188
0.000879
0.001048
0.001223
0.000957
0.000895
0.001021
0.000793
0.001272
0.001168
0.001101
0.00074
0.001139
0.000917
0.001045
0.000999
0.000986
0.000808
0.000983
0.001166
0.001432
0.000942
0.001132
0.000938
0.001097
0.001028
0.001092
0.00118
0.001334
0.001204
0.000941
0.001047
0.000945
0.001355
0.0012
0.000806
0.000801
0.000871
0.001183
0.001026
0.000929
0.001212
0.001166
0.001131
0.00094
0.001228
0.000933
0.001292
0.001057
0.00109
0.000783
0.000906
0.001026
0.001202
0.000966
0.001059
0.00084
0.001105
0.001059
0.000962
0.001029
0.000761
0.001218
0.001012
0.001107
0.000788
0.000775
0.001031
0.000749
0.000984
0.000856
0.00058
0.000792
0.000753
0.000828
0.000883
0.001366
0.00094
0.000927
0.000925
0.000789
0.000956
0.000816
0.001017
0.000832
0.000967
0.000878
0.001057
0.000683
0.001093
0.00095
0.001034
0.001048
0.000757
0.000957
0.000867
0.000624
0.000898
0.001373
0.001076
0.000965
0.001057
0.001202
0.001154
0.001141
0.001036
0.001015
0.00087
0.000812
0.000787
0.001019
0.00112
0.001075
0.001136
0.001024
0.000879
0.00101
0.001096
0.000859
0.001101
0.001094
0.001111
0.000909
0.00098
0.001031
0.000945
0.001029
0.000829
0.000943
0.001082
0.001331
0.001422
0.000882
0.001078
0.000917
0.000948
0.001103
0.000888
0.000967
0.000924
0.001164
0.001166
0.001131
0.000874
0.001351
0.000864
0.000909
0.001028
0.000738
0.000966
0.001161
0.001152
0.000825
0.001112
0.00081
0.001035
0.001043
0.00108
0.000851
0.000886
0.00116
0.001246
0.001138
0.000932
0.001164
0.00108
0.000771
0.000759
0.001094
0.001222
0.000988
0.000934
0.001103
0.000846
0.000877
0.001107
0.000866
0.000878
0.001009
0.001053
0.00104
0.001253
0.000863
0.000774
0.000927
0.000861
0.001334
0.001001
0.00095
0.001101
0.001008
0.000736
0.000872
0.000972
0.001183
0.001339
0.001119
0.001208
0.001169
0.000886
0.001161
0.001116
0.001207
0.001171
0.001183
0.001264
0.00118
0.000886
0.000964
0.001033
0.000788
0.001153
0.00086
0.000822
0.001064
0.001192
0.000989
0.001059
0.000936
0.001637
0.00073
0.001065
0.001113
0.000724
0.001135
0.000941
0.001144
0.000929
0.001104
0.001122
0.000936
0.00079
0.00126
0.001029
0.001027
0.001112
0.001081
0.000999
0.001026
0.000868
0.00118
0.000814
0.000851
0.001019
0.001045
0.000868
0.001073
0.001042
0.001097
0.0011
0.000915
0.001026
0.000866
0.000929
0.000952
0.000912
0.001034
0.000958
0.001103
0.000873
0.001283
0.000913
0.001069
0.001125
0.001137
0.000927
0.000923
0.001114
0.001214
0.000936
0.0011
0.00113
0.001119
0.000844
0.001083
0.00161
0.001181
0.00084
0.001
0.001082
0.000886
0.002095
0.000655
0.000819
0.000618
0.000533
0.001104
0.000957
0.00125
0.000499
0.001242
0.001025
0.000964
0.000477
0.001417
0.000687
0.000703
0.000933
0.000594
0.001051
0.000703
0.000757
0.001144
0.001205
0.001235
0.001093
0.001142
0.00097
0.00085
0.001047
0.001248
0.000923
0.000966
0.001403
0.001059
0.000933
0.000678
0.00099
0.000797
0.001039
0.001148
0.001055
0.000917
0.00099
0.000861
0.000949
0.00134
0.000743
0.001048
0.000551
0.00104
0.000883
0.000749
0.001057
0.001048
0.001133
0.001077
0.000864
0.001078
0.001214
0.001214
0.00086
0.001171
0.001064
0.001256
0.001019
0.001131
0.000925
0.001054
0.000848
0.000864
0.000938
0.002142
0.000948
0.001105
0.000933
0.001604
0.000818
0.001024
0.001085
0.001127
0.001555
0.001085
0.000671
0.001135
0.001156
0.001054
0.000869
0.001257
0.001002
0.001244
0.000959
0.001194
0.001038
0.00119
0.001106
0.001425
0.000898
0.000861
0.000892
0.000962
0.000938
0.000957
0.000673
0.000812
0.00085
0.001464
0.000758
0.000965
0.000757
0.001157
0.001123
0.000867
0.00112
0.000783
0.001556
0.001102
0.001059
0.000817
0.000695
0.000813
0.000912
0.000982
0.00174
0.001013
0.001511
0.001146
0.000985
0.001023
0.000876
0.001037
0.000899
0.000991
0.001084
0.001115
0.000876
0.000972
0.00109
0.001077
0.001023
0.001012
0.000964
0.00097
0.001408
0.001441
0.000805
0.001222
0.000973
0.000956
0.001015
0.000972
0.001041
0.000805
0.001262
0.00105
0.001084
0.000886
0.000919
0.001007
0.000685
0.000504
0.000619
0.000774
0.000963
0.00108
0.001056
0.001104
0.000986
0.001273
0.000603
0.000679
0.000906
0.000945
0.001088
0.001174
0.00101
0.001371
0.000789
0.001028
0.001492
0.000988
0.000713
0.001023
0.00133
0.000975
0.000852
0.000806
0.001734
0.000778
0.000688
0.000757
0.000976
0.000895
0.000939
0.000786
0.000706
0.001394
0.000653
0.000694
0.000836
0.000865
0.000807
0.001056
0.00093
0.001089
0.001288
0.000876
0.000932
0.000928
0.001268
0.001196
0.001326
0.001409
0.001186
0.001096
0.000695
0.000799
0.000895
0.001093
0.000913
0.000995
0.000805
0.000709
0.000953
0.000597
0.000833
0.000869
0.000999
0.001161
0.001196
0.000927
0.001178
0.001113
0.00145
0.000698
0.000978
0.000855
0.001763
0.001243
0.000869
0.000767
0.000539
0.000706
0.001161
0.001
0.000844
0.000829
0.00119
0.000835
0.001197
0.001386
0.001111
0.0008
0.001225
0.000568
0.000539
0.000789
0.001125
0.000767
0.000984
0.001203
0.001109
0.000969
0.000752
0.001228
0.001632
0.000735
0.000576
0.000699
0.00124
0.001091
0.000831
0.001107
0.001021
0.00098
0.001122
0.000748
0.00085
0.001479
0.001148
0.001538
0.000988
0.000699
0.000721
0.000674
0.00108
0.000964
0.001001
0.00096
0.001244
0.000799
0.00078
0.000842
0.000939
0.00086
0.001086
0.000966
0.000727
0.000648
0.000863
0.001155
0.000978
0.001031
0.001072
0.000788
0.001197
0.001134
0.00087
0.000709
0.00114
0.000819
0.000809
0.001384
0.001347
0.001202
0.001003
0.000826
0.001416
0.000836
0.00102
0.001258
0.00109
0.001114
0.001323
0.001037
0.000982
0.000851
0.000986
0.00096
0.00084
0.000751
0.000952
0.000766
0.000745
0.00099
0.000585
0.000955
0.000804
0.000848
0.000998
0.00117
0.000734
0.000783
0.001104
0.00089
0.000921
0.001125
0.00106
0.000919
0.001228
0.000875
0.001012
0.000797
0.000736
0.000749
0.000812
0.000931
0.001035
0.000801
0.000636
0.000983
0.000796
0.00089
0.000985
0.000822
0.001062
0.001114
0.001053
0.000862
0.000966
0.00095
0.000988
0.001142
0.000733
0.001072
0.001004
0.000838
0.00078
0.001922
0.000941
0.001
0.001064
0.000676
0.001178
0.000878
0.001139
0.001198
0.000981
0.000976
0.001157
0.001061
0.000901
0.001173
0.001004
0.001088
0.000788
0.001047
0.001148
0.000682
0.000932
0.00108
0.0012
0.001462
0.001061
0.000925
0.001038
0.001187
0.000898
0.000955
0.000962
0.000932
0.001176
0.001165
0.000859
0.00082
0.001056
0.001236
0.000812
0.001126
0.00094
0.001213
0.001466
0.000692
0.001447
0.001624
0.000941
0.001251
0.000742
0.000708
0.000982
0.001109
0.001378
0.001118
0.000965
0.000871
0.001097
0.001033
0.001083
0.000858
0.000738
0.001057
0.000985
0.000799
0.000911
0.001033
0.001155
0.000952
0.000891
0.001281
0.000714
0.000747
0.001208
0.00109
0.001098
0.001014
0.001081
0.000873
0.000791
0.000849
0.001095
0.000923
0.001015
0.000974
0.000939
0.001123
0.000928
0.001102
0.001119
0.001346
0.000884
0.001203
0.000745
0.000886
0.000777
0.001253
0.001137
0.000988
0.001084
0.00086
0.000859
0.000939
0.000942
0.000791
0.000936
0.001038
0.001598
0.000903
0.001185
0.000854
0.001024
0.001156
0.000924
0.001534
0.000815
0.001017
0.000877
0.000804
0.001025
0.001052
0.001173
0.001036
0.000982
0.001075
0.00128
0.001386
0.001616
0.001104
0.000784
0.000841
0.000729
0.000871
0.000954
0.000944
0.00116
0.001144
0.000925
0.001089
0.00135
0.000943
0.000921
0.001108
0.000905
0.001348
0.000751
0.001031
0.000912
0.001112
0.001054
0.000787
0.001047
0.000932
0.000998
0.001581
0.000824
0.000968
0.000631
0.000826
0.000763
0.00116
0.00082
0.000688
0.001563
0.001159
0.000909
0.000921
0.001521
0.000749
0.000788
0.001019
0.00078
0.000837
0.000923
0.000929
0.001239
0.001082
0.000983
0.001005
0.000841
0.001197
0.001138
0.001267
0.001324
0.001156
0.001004
0.001073
0.00077
0.00142
0.000787
0.001107
0.000801
0.000902
0.001117
0.001387
0.001032
0.001063
0.000696
0.000846
0.00085
0.001124
0.001179
0.001377
0.000991
0.000755
0.001218
0.000946
0.001015
0.001012
0.001737
0.000791
0.00063
0.000771
0.00094
0.000966
0.000913
0.00081
0.001652
0.000828
0.000762
0.00095
0.000737
0.001035
0.000953
0.001812
0.001105
0.001067
0.000782
0.001175
0.001135
0.00106
0.001015
0.000875
0.001069
0.001156
0.000971
0.000967
0.000875
0.000949
0.001104
0.001018
0.001087
0.001091
0.000862
0.001228
0.000793
0.000938
0.001159
0.001039
0.000789
0.001108
0.001117
0.001228
0.001387
0.000847
0.001582
0.001021
0.001451
0.001049
0.000824
0.000957
0.001296
0.000884
0.001615
0.000947
0.000846
0.000976
0.001111
0.000789
0.000922
0.00081
0.00109
0.000998
0.000818
0.000752
0.000762
0.001025
0.0009
0.000718
0.001121
0.000911
0.001052
0.001352
0.000664
0.000644
0.000812
0.000694
0.000796
0.001286
0.000892
0.000855
0.000853
0.000684
0.000756
0.000781
0.000692
0.000732
0.000934
0.000946
0.000951
0.001096
0.000918
0.000768
0.00085
0.000761
0.001095
0.000736
0.000827
0.000854
0.001032
0.000882
0.001429
0.00078
0.000908
0.00111
0.000815
0.001076
0.001095
0.000942
0.00077
0.000869
0.000615
0.000899
0.000924
0.001197
0.000978
0.000877
0.000915
0.001006
0.00123
0.000988
0.000852
0.000859
0.000745
0.000927
0.000736
0.001218
0.001187
0.000877
0.000943
0.001111
0.000857
0.001026
0.001693
0.001167
0.00144
0.001108
0.001539
0.001148
0.000785
0.001158
0.000717
0.000793
0.001297
0.0009
0.001006
0.000885
0.000888
0.001083
0.000831
0.0013
0.001
0.000907
0.00085
0.00127
0.000894
0.001063
0.000681
0.001081
0.001134
0.000993
0.001173
0.000859
0.000905
0.000981
0.0013
0.000856
0.000976
0.000984
0.001056
0.001069
0.001004
0.001228
0.001526
0.000993
0.00075
0.00112
0.001088
0.000681
0.001153
0.000786
0.001099
0.000669
0.001108
0.00104
0.001204
0.000909
0.001044
0.001403
0.001307
0.000822
0.000928
0.000819
0.000922
0.001091
0.001062
0.000977
0.001663
0.000846
0.000837
0.000874
0.000896
0.000961
0.001068
0.001054
0.000894
0.001055
0.000808
0.000864
0.001042
0.00089
0.001323
0.000985
0.001303
0.001108
0.000933
0.000631
0.00108
0.000751
0.00081
0.000964
0.000853
0.000952
0.000686
0.001143
0.000889
0.001102
0.000746
0.001166
0.000717
0.000828
0.000786
0.000939
0.001094
0.000937
0.001387
0.001288
0.001362
0.000666
0.000716
0.001049
0.000896
0.00101
0.000691
0.001131
0.000943
0.001671
0.000651
0.000643
0.001139
0.001313
0.000831
0.00103
0.000966
0.000903
0.000732
0.000776
0.001128
0.000853
0.000934
0.00133
0.001173
0.000953
0.001296
0.00057
0.000574
0.000584
0.001106
0.000777
0.002051
0.000681
0.000747
0.001079
0.000987
0.000958
0.000566
0.000557
0.000754
0.000471
0.000642
0.00105
0.000504
0.001142
0.001097
0.001184
0.00109
0.001075
0.001027
0.00106
0.000799
0.001132
0.00055
0.000588
0.000513
0.00146
0.000728
0.00104
0.000579
0.000745
0.001427
0.000568
0.001068
0.000746
0.001236
0.001251
0.000824
0.000706
0.000825
0.001027
0.000899
0.000889
0.000966
0.000729
0.001154
0.000778
0.00064
0.000956
0.000645
0.000974
0.000519
0.001094
0.00075
0.001242
0.001525
0.001191
0.001636
0.000597
0.001133
0.00094
0.001062
0.001235
0.00082
0.001488
0.001034
0.001048
0.000921
0.001061
0.000932
0.000858
0.001091
0.001085
0.000834
0.000925
0.001134
0.001109
0.001588
0.001524
0.000796
0.000861
0.001014
0.000794
0.001241
0.001126
0.000778
0.001094
0.00065
0.000921
0.000882
0.000887
0.000808
0.001317
0.000927
0.001017
0.000953
0.00109
0.001048
0.00075
0.001155
0.001178
0.000949
0.001593
0.000988
0.001008
0.000936
0.001442
0.000889
0.000941
0.000819
0.001026
0.000793
0.000856
0.001068
0.000465
0.001079
0.000923
0.001117
0.000899
0.001071
0.000985
0.000932
0.001084
0.000771
0.001165
0.000773
0.00094
0.000633
0.000812
0.000963
0.001369
0.000961
0.000924
0.001288
0.000899
0.000795
0.001123
0.001139
0.000896
0.000891
0.001281
0.001122
0.000834
0.00108
0.000824
0.00092
0.00096
0.001238
0.001213
0.001067
0.000857
0.000924
0.001306
0.000794
0.000974
0.00103
0.000971
0.000877
0.000801
0.000973
0.00097
0.001001
0.000917
0.00117
0.001224
0.000905
0.000974
0.001523
0.000724
0.000961
0.000813
0.000919
0.001028
0.000804
0.001073
0.001205
0.001204
0.001105
0.000693
0.000895
0.000973
0.001008
0.001183
0.000991
0.000922
0.00094
0.001331
0.001112
0.000583
0.000707
0.000555
0.001241
0.001431
0.000556
0.000676
0.000698
0.000502
0.000514
0.00062
0.00073
0.000992
0.001132
0.000875
0.000811
0.001089
0.000825
0.001209
0.000981
0.000893
0.000993
0.000972
0.001039
0.000875
0.000968
0.000404
0.000973
0.000725
0.000912
0.000818
0.001095
0.001018
0.000788
0.001391
0.000759
0.000864
0.001321
0.000783
0.000984
0.000944
0.001467
0.001
0.000375
0.00164
0.000576
0.001181
0.000437
0.001336
0.000614
0.001245
0.000573
0.000461
0.000536
0.000452
0.000463
0.000655
0.00155
0.000471
0.000489
0.00046
0.001192
0.000891
0.001407
0.000732
0.00117
0.001063
0.001687
0.000841
0.000806
0.001142
0.000685
0.001159
0.001047
0.000784
0.000855
0.000992
0.000985
0.000963
0.000931
0.001028
0.000936
0.000874
0.001056
0.001274
0.000932
0.000868
0.000743
0.00103
0.000735
0.00106
0.000769
0.001208
0.001014
0.000935
0.001008
0.000856
0.000819
0.000929
0.000693
0.000596
0.000981
0.001002
0.000984
0.000726
0.000723
0.000832
0.001165
0.000972
0.000961
0.000963
0.000981
0.000718
0.000888
0.000959
0.001109
0.000947
0.001178
0.001214
0.000907
0.001103
0.000873
0.001062
0.00085
0.000644
0.000933
0.000735
0.000782
0.001071
0.001171
0.001047
0.000785
0.001092
0.001038
0.000707
0.000725
0.000961
0.001156
0.000921
0.000866
0.001092
0.000739
0.001177
0.000995
0.00093
0.001113
0.001201
0.000886
0.001182
0.00111
0.000782
0.001016
0.001068
0.000872
0.000597
0.000956
0.001128
0.000966
0.001181
0.001175
0.000854
0.001068
0.000973
0.000815
0.000925
0.001099
0.001191
0.001025
0.000665
0.000971
0.00106
0.00086
0.001074
0.000834
0.001003
0.001063
0.00095
0.001083
0.000867
0.000744
0.001011
0.000845
0.000859
0.000866
0.000666
0.001175
0.000914
