1.06157
1.21348
1.29034
1.26397
1.2048
1.31313
1.11317
0.991999
0.789118
0.792597
0.795488
0.777958
0.815597
1.00523
1.08232
1.00314
0.982954
1.02566
1.14747
1.15221
1.04312
1.22654
1.20604
1.26484
1.22908
1.15219
1.24695
1.09112
1.22817
1.2627
1.02545
1.20701
1.14791
1.20804
1.07552
1.12687
1.0609
1.13713
1.13712
1.12832
1.13962
1.27957
1.03227
0.737001
0.784653
1.00779
0.784264
0.961502
0.980929
1.04279
1.07858
1.07947
0.962655
1.0664
0.893568
0.869006
0.941098
1.04802
1.1021
1.07588
1.0109
1.04388
0.930926
1.02399
0.910903
0.975819
0.956028
1.03412
1.04663
1.0732
1.25735
1.21015
1.10371
1.07395
1.0614
0.987616
1.04568
0.955761
1.14014
1.00127
1.17651
1.19919
1.26537
1.31002
1.2317
1.29083
1.12069
0.717664
0.890142
0.879394
0.971104
0.916201
0.962254
0.853611
0.952154
0.918246
0.997902
1.03303
0.864885
0.910893
1.01392
1.08733
0.988947
0.977398
0.887289
0.915041
0.875984
0.820441
0.964552
1.05474
1.00374
1.05331
1.00017
1.09188
1.17697
1.12876
1.27413
1.25862
1.23807
1.12341
1.36636
1.19366
1.18157
1.13844
1.0433
0.724473
0.699946
0.712407
1.04445
0.923362
0.950277
0.899311
0.887454
1.14032
0.971665
1.10228
0.99597
0.988296
1.02334
0.995797
1.09628
0.913825
0.946892
0.966271
1.0096
0.993937
1.01583
1.01774
0.991931
1.10775
1.18192
1.22746
1.15143
1.16773
1.18113
1.23931
1.32455
0.723443
0.721924
0.715165
0.712465
0.720043
0.703433
1.00116
0.857393
0.902721
1.00055
0.987184
0.893066
1.07908
1.07683
1.01815
1.09085
1.16607
1.01048
1.00204
1.00436
1.02609
0.995873
0.959493
0.720893
0.81045
0.827229
0.823103
0.79258
0.813876
0.831639
1.00706
1.02812
1.1845
1.04797
1.16777
1.1282
1.10829
1.15969
1.15538
1.11608
1.22654
1.10849
1.14859
1.11388
1.11011
1.06653
1.11059
1.08606
1.13909
1.278
1.12758
1.1671
1.07662
1.20867
1.19702
1.14879
1.14776
1.02588
0.686221
0.822021
1.10276
1.03009
1.23171
1.1546
1.24854
1.30513
1.21825
1.11206
1.09542
1.10701
1.18871
1.02294
1.01548
0.941612
1.16382
1.18265
1.07182
1.1383
1.00634
1.07518
1.23854
1.25212
1.22365
1.24228
1.22334
1.16486
1.22628
1.24817
1.27964
1.23069
1.34212
1.11693
1.38806
1.27626
1.10545
0.807284
0.68597
1.2288
1.23081
1.23371
1.22308
1.26934
1.15888
1.2768
1.26763
1.13969
1.06189
1.0564
1.0818
1.16678
1.11826
1.00331
1.09784
1.07019
1.11111
1.04291
1.09944
1.14715
1.01763
1.05147
1.23897
1.17839
1.38618
1.32558
1.2104
1.27761
1.16484
1.31386
1.17469
1.23871
1.47713
1.19867
1.217
0.806345
1.15865
1.0891
1.13781
1.09401
1.07634
1.13708
1.09599
1.09205
1.0942
1.11635
1.27808
1.27348
1.12024
1.09183
1.13873
1.10592
1.00233
1.06579
1.04559
0.958748
0.996828
0.873959
0.99794
0.952775
1.02284
1.06941
1.07869
1.03067
1.05309
1.12355
1.03633
1.05018
0.873428
0.688933
0.674724
0.692677
0.687023
0.680276
0.946346
0.917638
0.90023
0.896564
0.935977
0.960032
1.22224
1.32957
0.975442
1.06518
0.979147
0.977585
0.985122
1.33672
1.45264
1.54411
1.14647
0.970907
0.958782
0.984565
0.947752
1.04119
0.992738
0.991777
0.975413
0.922375
1.14447
0.968919
1.11084
1.0979
1.038
0.966653
1.04619
1.10708
1.02422
0.917287
0.989412
0.946815
0.868006
0.94161
0.992541
0.963147
0.979082
0.967094
0.96864
0.909805
0.902068
0.98324
0.980914
0.839214
0.916058
0.966314
0.900089
0.974241
0.971205
1.00098
0.916932
0.986508
0.809878
