0.27419
0.166784
0.189964
0.205827
0.194968
0.186919
0.197461
0.193895
0.195484
0.193535
0.203884
0.208218
0.177153
0.190862
0.201984
0.197425
0.208586
0.200645
0.2265
0.201096
0.191113
0.202721
0.210961
0.177393
0.207934
0.191454
0.194202
0.224849
0.189104
0.194838
0.189911
0.202302
0.199299
0.201766
0.199165
0.197293
0.206028
0.19283
0.211011
0.188671
0.206183
0.213212
0.243458
0.193851
0.212106
0.229946
0.881124
0.142123
0.216246
0.213152
0.196573
0.281245
0.177923
0.209313
0.167672
0.195206
0.198294
0.19443
0.172824
0.186913
0.203546
0.189147
0.206106
0.203964
0.190948
0.205211
0.215832
0.200537
0.201404
0.188739
0.198959
0.193674
0.204334
0.191189
0.21491
0.200301
0.206794
0.199567
0.205835
0.195235
0.195231
0.217617
0.211717
0.192759
0.210696
0.20733
0.208491
0.195348
0.197126
0.191465
0.871411
0.142117
0.206588
0.198768
0.194374
0.211196
0.204173
0.213202
0.206002
0.218211
0.206267
0.228751
0.211835
0.216592
0.194084
0.214042
0.187627
0.212016
0.213933
0.215518
0.220391
0.198891
0.204599
0.193228
0.191113
0.211179
0.19795
0.194594
0.202313
0.191715
0.204585
0.20234
0.193614
0.199552
0.189647
0.198023
0.189873
0.193284
0.197011
0.193429
0.187694
0.212203
0.199312
0.195911
0.192054
0.190764
0.191757
0.19013
0.201703
0.215282
0.232122
0.134314
0.183544
0.204574
0.207653
0.19876
0.193177
0.204736
0.202606
0.205348
0.201339
0.213416
0.183887
0.189843
0.206368
0.198122
0.223074
0.193315
0.204285
0.208786
0.202848
0.863903
0.206586
0.224552
0.217348
0.192302
0.186348
0.208736
0.197293
0.201365
0.213425
0.200668
0.210986
0.209857
0.210949
0.219641
0.246306
0.202381
0.205258
0.204297
0.20043
0.197627
0.171731
0.212518
0.228912
0.201899
0.172093
0.204263
0.200044
0.21912
0.187907
0.197572
0.196308
0.194086
0.226813
0.216738
0.21201
0.200433
0.844675
0.146051
0.21319
0.137318
0.218699
0.192225
0.170166
0.201366
0.167077
0.20167
0.229743
0.187248
0.185801
0.200382
0.193896
0.235592
0.193072
0.205046
0.230912
0.215218
0.200088
0.206479
0.205055
0.201119
0.186112
0.223062
0.199003
0.197044
0.205416
0.202663
0.215301
0.198063
0.218493
0.234536
0.204367
0.202122
0.220286
0.205111
0.201373
0.189467
0.210073
0.214166
0.227784
0.227175
0.143004
0.192701
0.196336
0.198209
0.246983
0.192031
0.194477
0.197011
0.196679
0.195864
0.19375
0.196677
0.200437
0.202675
0.203302
0.205465
0.184885
0.18367
0.200182
0.20907
0.225901
0.208221
0.874712
0.136061
0.1864
0.198431
0.186912
0.194867
0.209444
0.190733
0.195911
0.22102
0.182665
0.203996
0.196134
0.210735
0.20198
0.197636
0.187724
0.202466
0.209005
0.195974
0.1927
0.220905
0.18392
0.194683
0.13325
0.181873
0.198907
0.160428
0.264845
0.19398
0.14757
0.138804
0.208911
0.181865
0.204495
0.199323
0.203916
0.175401
0.189048
0.186854
0.211259
0.189184
0.207954
0.208916
0.201851
0.204178
0.205639
0.204755
0.195083
0.211234
0.189863
0.201498
0.233874
0.203467
0.269041
0.204161
0.209906
0.215671
0.211804
0.206403
0.217689
0.193509
0.201466
0.192275
0.200648
0.188266
0.196894
0.199388
0.187118
0.193577
0.207053
0.182173
0.196337
0.206362
0.201699
0.919479
0.138647
0.203503
0.133894
0.199559
0.203678
0.204533
0.188438
0.220517
0.157638
0.263198
0.204909
0.230633
0.197341
0.201091
0.203554
0.19741
0.211603
0.203448
0.196698
0.226883
0.208861
0.215293
0.214093
0.19859
0.190338
0.233323
0.203077
0.202568
0.205842
0.203027
0.211536
0.196196
0.222314
0.200506
0.240465
0.21466
0.226261
0.165212
0.213127
0.209102
0.181264
0.203386
0.204142
0.196203
0.207766
0.198736
0.192789
0.205735
0.205242
0.203335
0.193129
0.203245
0.219442
0.185517
0.207182
0.19183
0.196935
0.186497
0.200027
0.194237
0.188048
0.168987
0.202224
0.19564
0.206055
0.207283
0.88671
0.144359
0.199527
0.19254
0.197733
0.220311
0.199585
0.231009
0.2223
0.203441
0.205138
0.198364
0.193683
0.199153
0.191155
0.216215
0.233649
0.21952
0.181448
0.201319
0.187959
0.192799
0.193465
0.20138
0.220405
0.196253
0.219107
0.192701
0.210349
0.197301
0.215955
0.199482
0.20859
0.202325
0.203933
0.199414
0.218949
0.218815
0.223754
0.152801
0.218779
0.161291
0.217228
0.222708
0.203523
0.197641
0.218698
0.188991
0.201612
0.212526
0.223089
0.207166
0.21478
0.206484
0.22477
0.198165
0.21059
0.203857
0.1948
0.207972
0.203067
0.194839
0.205181
0.200848
0.156765
0.188002
0.205873
0.208173
0.199588
0.185856
0.211088
0.199084
0.21473
0.217945
0.20642
0.214071
0.222613
0.200936
0.19543
0.21228
0.2196
0.190383
0.217226
0.213211
0.200213
0.200014
0.209244
0.198375
0.218834
0.196455
0.202751
0.213157
0.544479
0.150248
0.208265
0.203338
0.223705
0.193278
0.204916
0.196463
0.191728
0.210244
0.202511
0.195985
0.221617
0.178438
0.201705
0.22601
0.164297
0.191043
0.203993
0.213706
0.215803
0.208619
0.22566
0.192929
0.19982
0.199094
0.218351
0.205074
0.202573
0.204008
0.199287
0.204111
0.146129
0.141132
0.197072
0.196229
0.202267
0.20034
0.190844
0.186699
0.20873
0.206
0.181987
0.193748
0.208011
0.893653
0.137586
0.199444
0.204257
0.208889
0.213662
0.206521
0.225347
0.206403
0.190188
0.196725
0.882896
0.150757
0.139385
0.231038
0.215921
0.206149
0.187574
0.19647
0.212613
0.199658
0.201642
0.213429
0.215483
0.200845
0.198543
0.171172
0.200124
0.212147
0.202115
0.210423
0.196121
0.199393
0.222597
0.201746
0.202112
0.195341
0.213345
0.194011
0.195214
0.199997
0.206653
0.188813
0.20234
0.229215
0.204443
0.199408
0.21276
0.21481
0.198589
0.210635
0.209599
0.223948
