1.10139
1.25865
1.25376
1.20596
1.22961
1.31194
1.20168
1.27775
1.19615
1.20266
1.22807
1.21232
1.30606
1.21391
1.19567
1.17469
1.23599
1.12034
1.25325
1.24534
1.16276
1.15322
1.22065
1.31252
1.44316
1.29289
1.12012
1.26562
1.10589
1.15162
1.28845
1.1888
1.39398
1.11082
1.33974
1.27182
1.18432
1.33914
1.41622
1.25103
1.32585
1.31062
1.2417
1.31617
1.22978
1.26214
1.33541
1.2291
1.27961
1.16613
1.15098
1.16504
1.36379
1.25935
1.17747
1.26268
1.20998
1.28123
1.37805
1.15296
1.18968
1.09459
1.49781
1.3661
1.34464
1.26811
1.19338
1.20887
1.32666
1.1704
1.22889
1.40011
1.31898
1.26298
1.38299
1.3216
1.26467
1.16731
1.2013
1.26664
1.38691
1.46766
1.39377
1.29038
1.33908
1.29871
1.29098
1.20895
1.25421
1.31107
1.29707
1.38357
1.26065
1.36645
1.26232
1.32894
1.23474
1.43187
1.29764
1.28111
1.28183
1.26877
1.11399
1.22607
1.27212
1.25033
1.33138
1.37875
1.22362
1.26592
1.25277
1.31915
1.29806
1.34824
1.24822
1.37023
1.22139
1.21962
1.37879
1.24621
1.31018
1.37006
1.38828
1.33531
1.30813
1.35731
1.30439
1.27431
1.38012
1.19014
1.26554
1.28273
1.26097
1.25982
1.14994
1.13422
1.26077
1.17668
1.20825
1.23042
1.30359
1.26095
1.22884
1.22888
1.28781
1.31453
1.23871
1.26943
1.32584
1.27531
1.1635
1.2994
1.23575
1.32229
1.33782
1.37697
0.932067
1.16379
1.30395
1.17684
1.26408
1.17194
1.26807
1.24674
1.1839
1.17668
1.28904
1.35389
1.34247
1.24689
1.29551
1.23507
1.30479
1.18593
1.27051
1.14559
1.19181
1.24868
1.21479
1.13942
1.39199
1.41176
1.28253
1.26558
1.3987
1.33025
1.33574
1.22486
1.16719
1.1302
1.1807
1.37815
1.33501
1.17245
1.35756
1.21683
1.3528
1.29489
1.31069
1.32815
1.19284
1.453
1.29873
1.37846
1.34779
1.34908
1.31139
1.27394
1.3494
1.2474
1.29328
1.29338
1.24083
1.18072
1.08704
1.17933
1.11794
1.27933
1.3132
1.1488
1.09652
1.135
1.20375
1.25562
1.17975
1.14729
1.16758
1.12774
1.331
1.40673
1.30423
1.31962
1.34898
1.18987
1.22093
1.29646
1.24523
1.33187
1.37168
1.37586
1.47883
1.38553
1.28495
1.25094
1.29909
1.24558
1.17148
1.21128
1.18276
1.28453
1.21893
1.19714
1.26061
1.27582
1.24738
1.19187
1.21026
1.13608
1.14318
1.31884
1.36088
1.38336
1.22483
1.34604
1.21929
1.20876
1.24991
1.21517
1.18466
1.27465
1.16334
1.46352
1.39461
1.17923
1.25047
1.2065
1.33124
1.31795
