1.01386
0.885198
0.89095
0.957414
0.933493
0.937808
0.882812
0.99819
0.989165
1.01482
0.881686
0.917692
0.939729
0.920713
0.970847
1.0141
0.967865
0.911347
0.924713
0.943206
0.961188
0.963168
0.982671
0.93447
0.894665
0.999682
0.975459
0.954998
0.994677
1.01469
1.04223
0.971497
0.893414
0.953829
0.992587
0.95577
0.947142
1.20819
1.13032
1.12608
1.00784
0.994951
1.08439
0.970761
1.12322
1.06329
1.12562
1.13556
1.03503
1.09124
1.12411
1.04204
1.12469
1.07331
1.05261
1.0442
1.09167
1.04928
1.04283
1.09827
1.02256
1.00206
1.07129
1.05999
1.02699
0.975403
1.12157
1.04606
1.01961
1.05323
1.03242
1.10971
1.08003
1.07165
1.06704
1.1001
1.09505
1.06222
1.08475
1.05618
1.07921
1.07323
1.05707
1.12138
1.10348
1.09931
1.03982
1.1115
1.06531
1.04178
1.04724
0.980537
1.01082
