0.128073
0.109575
0.107726
0.119897
0.110978
0.109726
0.114789
0.109941
0.119962
0.110685
0.112364
0.11697
0.120444
0.11844
0.122497
0.120038
0.112269
0.117267
0.116886
0.117634
0.106981
0.125699
0.116219
0.120904
0.126776
0.12317
0.125465
0.112989
0.108653
0.122456
0.130036
0.14234
0.11091
0.10834
0.115075
0.125745
0.116584
0.121569
0.103753
0.112314
0.112009
0.110702
0.115021
0.109419
0.112725
0.131222
0.113531
0.113336
0.106694
0.116576
0.107109
0.10607
0.114165
0.124816
0.124302
0.106729
0.108541
0.110746
0.109372
0.114457
0.110535
0.120226
0.132591
0.126804
0.139541
0.113943
0.106621
0.115946
0.114364
0.106096
0.126141
0.105088
0.115358
0.101511
0.110493
0.105669
0.109783
0.107931
0.111905
0.127406
0.114338
0.112493
0.107672
0.109393
0.142176
0.110739
0.136347
0.111462
0.108367
0.106529
0.122786
0.114362
0.109194
0.107196
0.109388
0.108897
0.107949
0.112095
0.107597
0.111046
0.1142
0.111827
0.110445
0.109101
0.125559
0.114567
0.107259
0.11055
0.10983
0.143306
0.110975
0.106174
0.106177
0.119249
0.113519
0.114556
0.111789
0.106861
0.130608
0.118163
0.135298
0.128639
0.119023
0.123528
0.124228
0.103328
0.122063
0.126176
0.125262
0.131768
0.113621
0.115169
0.10239
0.107443
0.09638
0.101637
0.099656
0.103827
0.107626
0.108557
0.099078
0.099062
0.104398
0.100372
0.096092
0.099508
0.092511
0.093809
0.108073
0.096974
0.098764
0.095302
0.101252
0.096642
0.10512
0.102164
0.105223
0.096324
0.101842
0.099656
0.099635
0.09381
0.103473
0.094759
0.094576
0.108334
0.099058
0.108395
0.12244
0.108616
