0.156244
0.147707
0.167451
0.149585
0.16207
0.157222
0.146444
0.151154
0.149654
0.146654
0.153558
0.162758
0.145307
0.160043
0.158357
0.158119
0.154427
0.15733
0.146727
0.173828
0.17944
0.180974
0.174115
0.1553
0.181642
0.172252
0.15704
0.154514
0.153103
0.159091
0.157754
0.15957
0.160169
0.164386
0.163635
0.161419
0.158318
0.163213
0.167434
0.151149
0.167004
0.160776
0.145617
0.13563
0.152234
0.150857
0.152728
0.1599
0.159605
0.148347
0.156348
0.149933
0.147537
0.150888
0.173894
0.161314
0.174838
0.15312
0.162016
0.158751
0.166387
0.180548
0.144646
0.14813
0.154636
0.153197
