1.09782
1.11313
1.03606
1.11505
1.03047
1.02745
1.12684
1.05057
1.04712
1.09262
1.07116
1.07231
1.06071
1.08869
1.15474
1.12023
1.07119
1.07972
1.05003
1.07247
1.09597
1.06177
1.06762
1.11376
1.07681
1.15903
1.18799
1.24259
1.19231
1.09991
1.16122
1.16467
1.15365
1.19086
1.00803
1.16336
1.15081
1.05007
1.03334
1.11437
1.08278
0.988569
1.1246
1.20366
1.19055
1.15003
1.15024
1.19275
1.16724
1.15636
1.13648
1.12061
1.15311
1.14073
1.10384
1.03657
1.22788
1.10667
1.23362
1.11386
1.14566
1.12195
1.23085
1.15914
1.17506
1.21667
1.03967
1.00897
