1.11819
1.14242
1.06099
1.09236
1.05503
1.04659
1.15798
1.09078
1.10553
1.08086
1.11004
1.15321
1.0021
1.01669
1.08798
1.07521
1.14458
1.14343
1.09509
1.11901
1.12886
1.20823
1.24147
1.0179
0.935596
1.11102
1.03587
1.06163
1.05204
0.989383
1.05991
0.985596
0.99696
1.04488
1.01684
1.01899
1.07987
1.11517
1.00193
1.09062
1.06323
1.12937
1.02759
1.14312
1.08726
1.05563
1.05536
1.04878
0.995297
1.09974
1.10648
1.18502
1.17646
1.24758
1.17917
1.12357
1.23339
1.20283
1.10362
1.1161
1.11495
1.1914
1.12833
1.14974
1.22295
1.16456
1.17339
1.05751
1.07376
1.07587
1.01515
1.08029
1.13457
1.13381
1.14222
1.18029
1.13221
1.13765
1.12307
1.1001
1.10853
1.12871
1.09033
1.08371
1.07178
0.972599
0.971704
1.15286
1.04124
1.14521
1.06832
1.12987
1.13858
1.09644
1.05515
1.05202
1.11908
1.18729
1.04239
1.20412
1.04254
1.05868
1.11749
1.1217
1.12534
1.11081
1.06909
1.03127
1.01126
1.08386
1.05225
1.1401
1.08242
1.04794
1.10338
1.00088
1.21891
1.09529
1.13494
1.15466
1.18157
1.06039
1.12337
1.13274
1.02643
1.24904
1.14075
1.11709
1.22384
1.00544
1.15055
1.10251
1.12137
1.15207
1.13204
1.11952
1.13638
0.986331
