0.090279
0.084429
0.096964
0.067204
0.08947
0.098088
0.101013
0.10179
0.097392
0.083335
0.094895
0.090793
0.090063
0.096222
0.080452
0.05779
0.09295
0.083362
0.09039
0.087284
0.086307
0.064316
0.052229
0.065574
0.059215
0.062549
0.057182
0.071287
0.06595
0.071472
0.084512
0.07503
0.090332
0.075213
0.075696
0.087257
0.091454
0.077039
0.080972
0.097433
0.088089
0.079267
0.094812
0.086244
0.070015
0.062903
0.083109
0.090834
0.063879
0.081503
0.059249
0.063834
0.083348
0.084225
0.104479
0.092626
0.08131
0.07924
0.051809
0.090137
0.053609
0.094479
0.07437
0.094585
0.086529
0.069197
0.075207
0.089835
0.067581
0.076534
0.060839
0.085019
0.065301
0.103521
0.082019
0.089039
0.057454
0.069901
0.093189
0.09247
0.085246
0.091424
0.0867
0.09342
0.07878
0.084932
0.09947
0.072347
0.081661
0.092272
0.093517
0.100584
0.062515
0.08643
0.074096
0.106937
0.084985
0.079362
0.075029
0.082455
0.083351
0.076307
0.100044
0.092628
0.083925
0.086498
0.074481
0.08707
0.08247
0.09033
0.101257
0.106217
