0.093945
0.07644
0.095222
0.077409
0.081586
0.078192
0.076366
0.089709
0.085349
0.080908
0.081462
0.095239
0.089853
0.087354
0.087427
0.094975
0.086597
0.08051
0.08559
0.085649
0.099091
0.087587
0.082926
0.073142
0.074827
0.080723
0.08593
0.087314
0.096628
0.078804
0.090919
0.080024
0.090713
0.076703
0.090981
0.108559
0.074509
0.089535
0.081254
0.082937
0.079919
0.080412
0.083271
0.09604
0.08942
0.097315
0.080461
0.08405
0.09044
0.081927
0.092989
0.079092
0.079822
0.077072
0.088207
0.086308
0.078427
0.084684
0.077089
0.079801
0.087927
0.078977
0.076742
0.101198
0.090219
0.086353
0.086717
0.082241
0.074687
0.078578
0.087561
0.075672
0.084807
0.091898
0.091659
0.09569
0.084893
0.085047
0.079424
0.089387
0.078076
0.090309
0.085065
0.080643
0.091284
0.091119
0.080424
0.092385
0.075905
0.081433
0.080106
