0.098827
0.103903
0.093848
0.101103
0.101732
0.104119
0.09991
0.102146
0.099806
0.102327
0.091961
0.089032
0.091213
0.095544
0.105307
0.103849
0.107616
0.111204
0.099809
0.098165
0.101626
0.122535
0.107715
0.093465
0.090306
0.095426
0.08724
0.093909
0.102434
0.099886
0.086295
0.104085
0.090007
0.099129
0.090781
0.105542
0.101734
0.10202
0.111362
0.10518
0.096289
0.090728
0.092051
0.095293
0.106403
0.090916
0.097948
0.084848
0.100392
0.087605
0.097925
0.094473
0.092821
0.092514
0.090978
0.096915
0.093007
0.100718
0.095659
0.093068
0.107952
0.101069
0.093438
0.089788
0.099849
0.093335
0.10859
0.090266
0.091023
0.093749
0.099945
0.098752
0.0986
0.10708
0.085777
0.090846
0.09228
0.10421
0.113448
0.095788
0.107658
0.096487
0.106616
0.101423
0.113536
0.108716
0.112057
0.106203
0.103331
0.105611
0.114733
0.085634
0.098968
0.095773
0.091406
0.093205
0.104938
0.099334
0.094663
0.118235
0.116253
0.099411
0.118143
0.120082
0.110065
0.094432
0.095426
0.104902
0.105716
0.109097
0.101324
0.106345
0.092092
0.090982
0.09888
0.099922
0.096174
0.104454
0.100766
0.107919
0.101357
0.085026
0.088951
0.102208
0.088813
0.103885
0.108831
0.1006
0.09106
0.090557
0.085051
0.12269
0.107548
0.108362
0.104165
0.095886
0.101525
0.102662
0.120168
0.109903
0.103856
0.121698
0.108064
0.105862
0.116113
0.10126
0.119173
0.082911
0.106537
0.115188
0.0921
0.089578
0.0901
0.087883
0.102269
0.105836
0.099815
0.089484
0.095639
0.08992
0.098669
0.099473
0.09475
0.09671
0.110841
0.102931
0.095988
0.084841
0.104471
0.107567
0.10951
0.105907
0.091084
0.091486
0.091246
0.095029
0.110798
0.098984
0.102767
0.097913
0.0965
0.100979
0.109646
0.104083
0.100296
0.105226
0.093389
0.104909
0.107455
0.109037
0.108098
0.106724
