0.395844
0.455006
0.605478
0.654686
0.605103
0.588732
0.542169
0.544583
0.55457
0.538463
0.563402
0.562445
0.582045
0.565875
0.574344
0.604206
0.648889
0.61466
0.625196
0.607535
0.606207
0.636841
0.634321
0.631221
0.610862
0.648033
0.625539
0.630157
0.642005
0.614462
0.620942
0.646023
0.654275
0.630737
0.644274
0.646604
0.7015
0.638055
0.634023
0.689167
0.659472
0.624738
0.660714
0.641441
0.664265
0.606851
0.67052
0.60218
0.626991
0.634513
0.625783
0.61492
0.653414
0.595217
0.607021
0.63316
0.646877
0.608855
0.615173
0.625441
0.625751
0.604108
0.665085
0.634859
0.644532
0.636636
0.630833
0.622644
0.627706
0.650335
0.622386
0.638986
0.696016
0.610865
0.613934
0.594236
0.586026
0.590279
0.593657
0.622857
0.56355
0.606288
0.57776
0.6117
0.551873
0.554374
0.603214
0.55868
0.557744
0.602007
0.637033
0.624148
0.644761
0.643048
0.650463
0.668641
0.640894
0.561478
0.564343
0.559406
0.565322
0.585768
0.57079
0.585896
0.577941
0.666634
0.62348
0.666181
0.728653
0.716656
0.651694
0.670571
0.562324
0.577588
0.579907
0.572215
0.532233
0.588237
0.576286
0.540924
0.604475
0.558724
0.571132
0.566945
0.522115
0.582989
0.582772
0.602826
0.598984
0.586145
0.613526
0.589097
0.583833
0.607149
0.57857
0.601097
0.572055
0.595866
0.567926
0.557294
0.56021
0.57283
0.583168
0.573541
0.656215
0.69999
0.629782
0.645025
0.674627
0.689674
0.654069
0.571751
0.584343
0.56109
0.523604
0.61566
0.632523
0.612449
0.629999
0.630832
0.62385
0.627965
0.653114
0.654079
0.623108
0.62328
0.611922
0.648998
0.619603
0.646583
0.654983
0.643112
0.604128
0.597017
0.616695
0.624846
0.619769
0.619459
0.641825
0.623496
0.631164
0.638382
0.650427
0.571066
0.55166
0.559593
0.538021
0.584631
0.577685
0.566511
0.582115
0.55709
0.589613
0.561038
0.603449
0.596366
0.591228
0.655412
0.577827
0.551993
0.581607
0.565603
0.584438
0.577305
0.46243
