0.428554
0.522823
0.579165
0.578969
0.537723
0.529777
0.570483
0.557235
0.567782
0.563996
0.579436
0.540243
0.570625
0.560398
0.605042
0.553294
0.590934
0.548491
0.585324
0.618436
0.555198
0.557384
0.533975
0.584216
0.619633
0.647496
0.648675
0.621624
0.629958
0.627771
0.639729
0.646739
0.640542
0.59842
0.614029
0.595343
0.620023
0.614904
0.617088
0.608529
0.61098
0.577273
0.576539
0.582852
0.60769
0.651078
0.637187
0.618431
0.658871
0.639631
0.637164
0.625837
0.626933
0.640503
0.593442
0.597248
0.572118
0.565335
0.570836
0.5766
0.573302
0.561383
0.579786
0.58418
0.563821
0.539757
0.603509
0.587553
0.607221
0.552081
0.548279
0.595642
0.59708
0.554832
0.574804
0.566817
0.541949
0.531947
0.560616
0.583222
0.547452
0.591957
0.567342
0.574178
0.58914
0.574474
0.583498
0.578217
0.546607
0.573895
0.587117
0.634497
0.656865
0.646518
0.683122
0.651021
0.694999
0.645986
0.606253
0.556796
0.561925
0.595172
0.725953
0.650306
0.693609
0.586063
0.577665
0.607
0.714658
0.673042
0.576098
0.586987
0.586876
0.553959
0.610603
0.580989
0.557594
0.563213
0.60001
0.626549
0.54518
0.577748
0.626859
0.580104
0.599393
0.567812
0.575803
0.579052
0.608637
0.581565
0.604489
0.616466
0.640873
0.615552
0.589926
0.57952
0.599001
0.666514
0.661041
0.677266
0.602516
0.651966
0.661972
0.625421
0.582954
0.564147
0.532722
0.528259
0.536335
0.592307
0.543268
0.562672
0.603238
0.563039
0.550245
0.56641
0.563773
0.577286
0.528671
0.627128
0.630239
0.684984
0.645414
0.707495
0.70567
0.714672
0.706562
0.610601
0.71096
0.636164
0.594365
0.611251
0.614006
0.589887
0.560979
0.688677
0.618932
0.580973
0.649072
0.57509
0.60707
0.692424
0.719068
0.736059
0.677495
0.651054
0.642159
0.700923
0.607347
0.576724
0.617455
0.60534
0.528299
0.576659
0.585682
0.569585
0.533545
0.572549
0.594567
0.608896
0.605729
0.596561
0.587336
0.588123
0.644465
0.617846
0.609229
0.636889
0.620933
0.676112
0.635903
0.620547
0.660411
0.613151
0.629872
0.728195
0.72155
0.723549
0.692202
0.700569
0.711129
0.632754
0.678879
0.62633
0.592902
0.562468
0.572242
0.583979
0.586805
0.564816
0.545723
0.570483
0.676234
0.664796
0.674888
0.649344
0.67974
0.622754
0.635026
0.583551
0.498866
0.568106
0.537887
0.518491
0.586771
0.552517
0.578023
0.524903
0.637478
0.664627
0.657379
0.687548
0.721611
0.68592
0.725958
0.634244
0.614886
0.600718
0.600325
0.565763
0.551886
0.561081
0.588376
0.594918
0.572203
0.571388
0.561059
0.581002
0.597478
0.574244
0.569411
0.572859
0.578193
0.610066
0.579613
0.555885
0.571952
0.578565
0.561253
0.564499
0.567878
0.573069
0.565302
0.585492
0.63454
0.548053
0.571875
0.54525
0.557606
0.573715
0.564683
0.586657
0.585175
0.584279
0.577216
0.567512
0.604648
0.584135
0.581044
0.583734
0.540667
0.548745
0.570777
0.580712
0.5519
0.572362
0.575547
0.577461
0.562982
0.537776
0.530613
0.541285
0.511125
0.569446
0.55019
0.551286
0.541062
0.568357
0.534355
0.544903
0.548153
0.556289
0.577858
0.572504
0.56293
0.546211
0.565386
0.567816
0.58105
0.553744
0.577873
0.550981
0.578504
0.54628
0.567688
0.553566
0.557884
0.563286
0.587636
0.58489
0.575344
0.559125
0.569546
0.588981
0.592833
0.574739
0.589379
0.587363
0.586507
0.588155
0.561714
0.561973
0.564558
0.556628
0.575834
0.549303
0.550306
0.541154
0.550929
0.589693
0.551011
0.507907
0.560389
0.550026
0.540944
0.561665
0.523631
0.567501
0.593321
0.637249
0.638871
0.685097
0.729391
0.67327
0.693708
0.637019
0.577384
0.577556
0.587218
0.584962
0.580253
0.58716
0.624195
0.535253
0.563642
0.520274
0.54978
0.520649
0.572649
0.561474
0.525488
0.604119
0.586959
0.579839
0.6077
0.652576
0.633103
0.608589
0.623172
0.584482
0.58401
0.568762
0.573227
0.660277
0.722009
0.708251
0.640383
0.653494
0.655715
0.669453
0.723844
0.67781
0.739951
0.713059
0.598408
0.586174
0.546954
0.599321
0.580249
0.562463
0.584864
0.53965
0.628048
0.679678
0.692023
0.626577
0.636972
0.706411
0.660164
0.562027
0.592341
0.514275
0.400545
0.536629
0.613829
0.564349
0.556117
0.56296
0.574636
0.605952
0.690446
0.674674
0.612303
0.534134
0.567209
0.607144
0.632268
0.568417
0.565839
0.664848
0.555922
0.517038
0.620437
0.591725
0.575838
0.577317
0.589534
0.569038
0.578687
0.567958
0.592591
0.619443
0.58031
0.609245
0.584803
0.570329
0.577513
0.650867
0.572024
0.553354
0.648537
0.626662
0.555323
0.571318
0.572417
0.588787
0.584126
0.580357
0.616229
0.604102
0.578484
0.607216
0.591362
0.636552
0.65635
0.658946
0.657259
0.683393
0.692155
0.672295
0.708851
0.60836
0.596513
0.570635
0.610928
0.574096
0.600956
0.605687
0.736763
0.802987
0.802755
0.647066
0.650268
0.644834
0.757383
0.607018
0.603769
0.591548
0.586591
0.57275
0.604652
0.732277
0.671542
0.696099
0.658393
0.633186
0.668982
0.740078
0.665333
0.556714
0.561778
0.575131
0.546338
0.551794
0.574943
0.575829
0.561189
0.564421
0.606139
0.587266
0.581537
0.586543
0.547063
0.540526
0.577539
0.652457
0.671484
0.695705
0.671824
0.726884
0.703983
0.689877
0.654848
0.597201
0.562991
0.582348
0.554257
0.581749
0.60169
0.636314
0.60904
0.624079
0.719591
0.652519
0.609011
0.620177
0.570341
0.688832
0.627929
0.64714
0.697239
0.683916
0.674582
0.67466
0.553267
0.541675
0.535545
0.546295
0.635377
0.657535
0.604973
0.704433
0.707715
0.650496
0.627545
0.603954
0.638721
0.635453
0.568015
0.552691
0.536863
0.550837
0.642398
0.651394
0.689586
0.68767
0.559962
0.568836
0.561831
0.600205
0.586669
0.590308
0.568043
0.570207
0.553677
0.556344
0.56928
0.673879
0.679314
0.624986
0.571682
0.62042
0.636282
0.631493
0.693179
0.640126
0.672046
0.69665
0.664765
0.620455
0.62774
0.661767
0.619576
0.607978
0.599555
0.610972
0.620833
0.630655
0.606486
0.622745
0.637902
0.613733
0.622573
0.703824
0.755406
0.772037
0.750404
0.744277
0.742389
0.750821
0.642695
0.637202
0.644104
0.643739
0.624707
0.634786
0.592216
0.55592
0.541692
0.621309
0.650733
0.60414
0.564721
0.532908
0.562669
0.681577
0.678841
0.703945
0.778955
0.687417
0.764052
0.701574
0.695648
0.687779
0.613278
0.603084
0.591618
0.61233
0.680169
0.677999
0.654761
0.665233
0.650539
0.706461
0.620514
0.683093
0.695385
0.59744
0.580094
0.519266
0.553867
0.577838
0.548923
0.643805
0.618919
0.617775
0.647545
0.658578
0.670906
0.681333
0.615937
0.568016
0.586153
0.562782
0.550202
0.577555
0.575543
0.587562
0.665825
0.659959
0.708076
0.652413
0.640121
0.647311
0.658953
0.606492
0.5731
0.603833
0.58338
0.61471
0.565886
0.592022
0.59512
0.646595
0.627494
0.643963
0.631271
0.616346
0.655661
0.648619
0.652407
0.550048
0.571417
0.560133
0.553827
0.570064
0.569167
0.562834
0.571525
0.658875
0.643476
0.655759
0.637152
0.659084
0.659171
0.625971
0.57581
0.572233
0.530115
0.534524
0.572392
0.571165
0.546507
0.588558
0.637098
0.638722
0.616099
0.680057
0.68424
0.626469
0.705798
0.564923
0.557926
0.525938
0.537458
0.529538
0.572144
0.568726
0.534097
0.571186
0.636466
0.616007
0.620791
0.627368
0.673156
0.670189
0.654796
0.577747
0.559088
0.583589
0.576976
0.580795
0.586927
0.591798
0.560861
0.568867
0.552896
0.567727
0.545819
0.581282
0.573097
0.566723
0.541939
0.536206
0.535054
0.534437
0.487986
0.494636
0.494415
0.520849
0.508276
0.535236
0.532044
0.512809
0.494828
0.562107
0.534953
0.580098
0.559836
0.585931
0.659237
0.692072
0.72038
0.687948
0.72392
0.674112
0.648624
0.559148
0.574402
0.565477
0.56697
0.564539
0.546396
0.579009
0.547601
0.641169
0.652033
0.657213
0.610757
0.637409
0.643074
0.706029
0.650965
0.565675
0.533841
0.543915
0.570697
0.58023
0.536937
0.560341
0.561775
0.689369
0.652907
0.655482
0.644656
0.658822
0.663665
0.642069
0.538929
0.579065
0.578983
0.587014
0.578106
0.590394
0.591305
0.598789
