0.075338
0.06969
0.07529
0.067637
0.0648
0.046934
0.064151
0.059046
0.058139
0.080323
0.05586
0.047082
0.06513
0.033383
0.070158
0.037111
0.061424
0.069884
0.071312
0.061595
0.072917
0.069244
0.042917
0.071536
0.059654
0.069451
0.070224
0.072126
0.035263
0.06387
0.071088
0.065625
0.069429
0.071622
0.063956
0.068932
0.068257
0.075305
0.06996
0.072867
0.07279
0.071476
0.071213
0.06308
0.067964
0.073397
0.073562
0.067032
0.06963
0.065131
0.060457
0.07031
0.073225
0.073881
0.073476
0.07241
0.071516
0.071253
0.071373
0.069731
0.072588
0.07383
0.073803
0.070647
0.069491
0.067251
0.068779
0.064257
0.067782
0.074555
0.065955
0.066608
0.073672
0.073841
0.071659
0.072723
0.075548
0.068527
0.075342
0.071919
0.0566
0.037125
0.073147
0.072232
0.068544
0.075328
0.071659
0.065306
0.069924
0.073111
0.069717
