0.143615
0.147052
0.135433
0.140986
0.13386
0.135637
0.1346
0.128368
0.134487
0.144654
0.133211
0.138297
0.139787
0.147278
0.128403
0.137548
0.141191
0.142735
0.13761
0.134763
0.133374
0.139562
0.147177
0.14051
0.140715
0.151599
0.142625
0.134195
0.140995
0.139016
0.137115
0.133058
0.141142
0.137202
0.1326
0.152042
0.140751
0.136407
0.135609
0.1369
0.150327
0.133874
0.138642
0.129176
0.131212
0.149652
0.141055
0.141538
0.141261
0.138656
0.153744
0.143846
0.138667
0.135228
0.13726
0.145688
0.141356
0.142999
0.124055
0.139956
0.141856
0.138362
0.138266
0.137781
0.152829
0.142303
0.14369
0.155216
0.14135
0.149291
0.13956
0.136082
0.131996
0.144167
0.139372
0.158739
0.143034
0.146746
0.146317
0.131538
0.141133
0.137016
0.143793
0.140627
0.140261
0.146511
0.137749
0.142881
0.136507
0.136637
0.139997
0.133178
0.136497
0.147413
0.142677
0.136969
0.141266
0.138871
0.143899
0.139763
0.133401
0.139328
0.134395
0.134175
0.143334
0.147551
0.138864
0.137552
0.155293
0.145609
0.141997
0.14607
0.137101
0.138238
0.140951
0.145515
0.1502
0.145038
0.132983
0.139208
0.137042
0.15175
0.143981
0.139806
0.145671
0.141067
0.139381
0.13695
0.143583
0.135664
0.132733
0.138538
0.134082
0.13923
0.131071
0.131524
0.140092
0.142942
0.145199
0.137053
0.141324
0.1277
0.1306
0.133262
0.130713
0.130323
0.15261
0.137343
0.128648
0.154697
0.139028
0.138178
0.135598
0.143986
0.140244
0.144237
0.134412
0.147914
0.143377
0.131954
0.150278
0.140783
0.129893
0.141107
0.150189
0.14753
0.139833
0.14735
0.15087
0.150948
0.135835
0.145174
0.135231
0.14283
0.146471
0.149796
0.145277
0.141792
0.138067
0.142537
0.142419
0.144778
0.136407
0.14076
0.126294
0.132413
0.143066
0.145071
0.149285
0.15895
0.140342
0.13817
0.139964
0.138759
0.133419
0.150001
0.140423
0.13571
0.144232
0.126961
0.153447
0.14431
0.153238
0.147059
0.142802
0.144806
0.138195
0.136422
0.146788
0.137395
0.142925
0.142789
0.129685
0.154016
0.141165
0.13904
0.137904
0.143694
0.142235
0.129518
0.136076
0.140806
0.14624
0.140151
0.14127
0.142915
0.136459
0.140699
0.132885
0.160376
0.141197
0.141072
0.133653
0.142071
0.131685
0.139505
0.146651
0.144991
0.147349
0.156044
0.13246
0.139944
0.134791
0.134183
0.138117
0.133689
0.144845
0.141297
0.140966
